# pid 21495  clk_tck=
# t rchar wchar syscr syscw read_bytes write_bytes cancelled_write_bytes utime stime
1790640579.225 220268914 27085724 11496653 1338 681984 31207424 0 43012 61170
1790640580.283 220273208 27085724 11508465 1338 681984 31207424 0 43053 61234
1790640581.333 220273641 27085724 11520435 1338 681984 31207424 0 43089 61302
1790640582.385 220285945 27085724 11532156 1338 681984 31207424 0 43128 61368
1790640583.451 222028944 27085724 11540136 1338 1292288 31207424 0 43190 61413
1790640584.524 223205495 27085724 11549512 1338 1488896 31207424 0 43242 61466
1790640585.577 224776315 27413404 11555625 1343 2289664 31563776 0 43305 61501
1790640586.630 224804024 28461980 11560976 1359 2333184 32747520 0 43361 61532
1790640587.681 224829614 29510556 11566270 1375 2374144 33808384 0 43415 61562
1790640588.733 224857165 30690204 11571429 1393 2417664 35045376 0 43469 61593
1790640589.777 225016345 31048604 11580661 1410 2535424 35471360 0 43514 61642
1790640590.830 226553568 31049628 11589548 1412 2535424 35475456 0 43570 61691
1790640591.881 226557830 31051676 11601112 1416 2535424 35495936 0 43611 61754
1790640592.932 226558735 31051676 11613064 1416 2535424 35495936 0 43650 61819
1790640593.983 226560563 31051676 11625003 1416 2535424 35495936 0 43690 61884
1790640595.034 226561328 31051676 11636881 1416 2535424 35495936 0 43734 61945
1790640596.085 226562352 31051676 11648683 1416 2535424 35495936 0 43775 62009
1790640597.136 226566005 31051676 11660646 1416 2535424 35495936 0 43820 62069
1790640598.188 226571430 31051676 11672573 1416 2535424 35495936 0 43861 62133
1790640599.238 226575610 31051676 11684503 1416 2535424 35495936 0 43903 62196
1790640600.290 226579876 31051676 11696246 1416 2535424 35495936 0 43946 62258
1790640601.339 226584639 31051676 11708161 1416 2535424 35495936 0 43988 62320
1790640602.389 226589800 31051676 11720111 1416 2535424 35495936 0 44028 62386
1790640603.442 226593858 31051676 11732049 1416 2535424 35495936 0 44068 62451
1790640604.494 226595435 31051676 11743850 1416 2535424 35495936 0 44110 62514
1790640605.544 226595853 31051676 11755752 1416 2535424 35495936 0 44154 62575
1790640606.595 226596766 31051676 11767712 1416 2535424 35495936 0 44197 62637
1790640607.648 226598033 31051676 11779688 1416 2535424 35495936 0 44236 62703
1790640608.701 226600170 31051676 11791484 1416 2535424 35495936 0 44278 62766
1790640609.751 226601118 31051676 11803368 1416 2535424 35495936 0 44319 62830
1790640610.802 226601827 31051676 11815316 1416 2535424 35495936 0 44363 62891
1790640611.853 226602273 31051676 11827283 1416 2535424 35495936 0 44403 62956
1790640612.904 226604004 31051676 11839220 1416 2535424 35495936 0 44443 63020
1790640613.955 226606430 31051676 11851150 1416 2535424 35495936 0 44483 63086
1790640615.006 226607191 31051676 11863030 1416 2535424 35495936 0 44525 63148
1790640616.056 226607847 31051676 11874991 1416 2535424 35495936 0 44566 63212
1790640617.108 226608208 31051676 11886954 1416 2535424 35495936 0 44606 63277
1790640618.158 226609198 31051676 11898922 1416 2535424 35495936 0 44647 63341
1790640619.210 226610385 31051676 11910869 1416 2535424 35495936 0 44689 63405
1790640620.263 226611041 31051676 11922784 1416 2535424 35495936 0 44728 63471
1790640621.311 226611342 31051676 11934750 1416 2535424 35495936 0 44770 63533
1790640622.364 226611888 31051676 11946708 1416 2535424 35495936 0 44815 63594
1790640623.415 226612949 31051676 11958665 1416 2535424 35495936 0 44856 63657
1790640624.469 226614074 31051676 11970703 1416 2535424 35495936 0 44898 63722
1790640625.525 226614552 31051676 11982603 1416 2535424 35495936 0 44938 63786
