# pid 21495  clk_tck=
# t rchar wchar syscr syscw read_bytes write_bytes cancelled_write_bytes utime stime hda_pos
1790640721.949 231275658 31255847 13079558 1444 2535424 35753984 0 48893 69498 2081792
1790640723.015 231279289 31255847 13091570 1444 2535424 35753984 0 48935 69561 2081792
1790640724.074 231281139 31255847 13103617 1444 2535424 35753984 0 48978 69625 2081792
1790640725.135 231299765 31255847 13115454 1444 2535424 35753984 0 49022 69686 2081792
1790640726.212 233042290 31255847 13123403 1444 2535424 35766272 0 49086 69735 49751552
1790640727.338 234674271 31322522 13131513 1453 2535424 35840000 0 49171 69778 51275264
1790640728.410 235655457 31805850 13137536 1463 2550784 36425728 0 49250 69815 921527808
1790640729.491 235683275 32960346 13142957 1485 2591744 37580800 0 49311 69846 922576384
1790640730.544 235715452 34009552 13147591 1509 2629632 38772736 0 49387 69873 923624960
1790640731.609 235740955 35122640 13153064 1527 2670592 39903232 0 49441 69907 924739072
1790640732.670 235822124 35480406 13162580 1551 2786304 40321024 0 49508 69961 4191232
1790640733.732 237342367 35480406 13171492 1551 2790400 40321024 0 49564 70011 924955136
1790640734.791 237347500 35550362 13182343 1564 2790400 40407040 0 49627 70074 2081792
1790640735.853 237349017 35550362 13194006 1564 2790400 40407040 0 49666 70138 2081792
1790640736.913 237350180 35618270 13205512 1573 2790400 40493056 0 49731 70204 2081792
1790640737.973 237352013 35618270 13217437 1573 2790400 40493056 0 49773 70267 2081792
1790640739.033 237357126 35686178 13228810 1582 2790400 40562688 0 49840 70331 2081792
1790640740.097 237366827 35686178 13240717 1582 2790400 40562688 0 49882 70395 2081792
1790640741.156 237371572 35754086 13251988 1591 2790912 40644608 0 49946 70459 2081792
1790640742.216 237373855 35754086 13263903 1591 2790912 40644608 0 49987 70523 2081792
1790640743.280 237380917 35821994 13275401 1600 2790912 40718336 0 50054 70587 2081792
1790640744.347 237383443 35821994 13287265 1600 2790912 40718336 0 50108 70652 2081792
1790640745.460 237384855 35889902 13299134 1609 2790912 40787968 0 50163 70717 2081792
1790640746.529 237386038 35914478 13310765 1612 2790912 40828928 0 50230 70781 2081792
1790640747.619 237387495 35957810 13322707 1618 2790912 40873984 0 50271 70848 2081792
1790640748.681 237389470 36025718 13334315 1627 2791424 40943616 0 50336 70912 2081792
1790640749.741 237391898 36025718 13346233 1627 2791424 40943616 0 50380 70974 2081792
1790640750.800 237394504 36093626 13357494 1636 2791424 41025536 0 50443 71040 2081792
1790640751.860 237395795 36093626 13369273 1636 2791424 41025536 0 50482 71107 2081792
1790640752.920 237397076 36165630 13380821 1646 2791424 41099264 0 50548 71171 2081792
1790640753.979 237398725 36165630 13392748 1646 2791424 41099264 0 50590 71235 2081792
1790640755.039 237401254 36233538 13404277 1655 2791424 41168896 0 50658 71298 2081792
1790640756.099 237403865 36233538 13415944 1655 2791424 41168896 0 50699 71361 2081792
1790640757.159 237404768 36301446 13427437 1664 2791936 41254912 0 50764 71425 2081792
1790640758.219 237406049 36301446 13439360 1664 2791936 41254912 0 50805 71490 2081792
1790640759.278 237408884 36369354 13450887 1673 2791936 41324544 0 50873 71553 2081792
1790640760.364 237411147 36369354 13462976 1673 2791936 41324544 0 50922 71620 2081792
1790640761.483 237412271 36437262 13475066 1682 2791936 41406464 0 50982 71687 2081792
1790640762.552 237413342 36461838 13486781 1685 2791936 41435136 0 51044 71753 2081792
1790640763.660 237415081 36505170 13499010 1691 2791936 41480192 0 51090 71820 2081792
1790640764.720 237416288 36573078 13510588 1700 2792448 41549824 0 51156 71883 2081792
1790640765.785 237417805 36573078 13522345 1700 2792448 41549824 0 51201 71943 2081792
1790640766.843 237419324 36640986 13533852 1709 2792448 41635840 0 51267 72007 2081792
1790640767.904 237420677 36640986 13545778 1709 2792448 41635840 0 51304 72076 2081792
1790640768.963 237422488 36708894 13557339 1718 2792448 41705472 0 51368 72142 2081792
