# pid 21495  clk_tck=
# t rchar wchar syscr syscw read_bytes write_bytes cancelled_write_bytes utime stime hda_pos
1790640839.244 242401126 37048454 14356536 1763 2792960 42102784 0 54313 76292 2081792
1790640840.306 242402338 37048454 14368521 1763 2792960 42102784 0 54357 76354 2081792
1790640841.365 242402647 37048454 14380517 1763 2792960 42102784 0 54399 76418 2081792
1790640842.424 242416824 37048454 14392318 1763 2792960 42102784 0 54441 76482 2081792
1790640843.483 244102500 37048454 14400346 1763 2792960 42102784 0 54505 76523 49751552
1790640844.567 245358721 37048454 14409666 1763 2792960 42102784 0 54563 76573 50882048
1790640845.627 246804287 37441670 14416012 1769 2803200 42528768 0 54626 76610 925361664
1790640846.693 246831154 38555782 14421490 1786 2846720 43716608 0 54684 76641 926475776
1790640847.749 246858140 39604358 14426735 1802 2887680 44830720 0 54736 76672 927524352
1790640848.809 246886086 40718470 14432289 1819 2931200 46014464 0 54792 76704 928638464
1790640849.871 247017202 41015942 14441674 1843 3046400 46399488 0 54837 76753 489651712
1790640850.931 248536993 41015942 14450714 1843 3050496 46399488 0 54895 76801 928920064
1790640851.995 248545093 41017990 14462227 1847 3050496 46419968 0 54936 76864 2081792
1790640853.054 248552168 41017990 14474250 1847 3050496 46419968 0 54980 76925 2081792
1790640854.114 248555224 41017990 14486289 1847 3050496 46419968 0 55025 76986 2081792
1790640855.178 248557515 41017990 14498379 1847 3050496 46419968 0 55068 77049 2081792
1790640856.238 248563331 41017990 14510178 1847 3050496 46419968 0 55110 77114 2081792
1790640857.298 248563872 41017990 14522227 1847 3050496 46419968 0 55152 77177 2081792
1790640858.358 248564744 41017990 14534273 1847 3050496 46419968 0 55199 77237 2081792
1790640859.417 248567945 41017990 14546308 1847 3050496 46419968 0 55243 77298 2081792
1790640860.477 248569750 41017990 14558160 1847 3050496 46419968 0 55285 77361 2081792
1790640861.537 248570126 41017990 14570158 1847 3050496 46419968 0 55328 77424 2081792
1790640862.596 248570733 41017990 14582220 1847 3050496 46419968 0 55370 77488 2081792
1790640863.657 248571575 41017990 14594277 1847 3050496 46419968 0 55416 77549 2081792
1790640864.716 248573634 41017990 14606173 1847 3050496 46419968 0 55456 77615 2081792
1790640865.776 248574120 41017990 14618226 1847 3050496 46419968 0 55497 77679 2081792
1790640866.836 248575069 41017990 14630223 1847 3050496 46419968 0 55538 77744 2081792
1790640867.896 248575631 41017990 14642271 1847 3050496 46419968 0 55581 77806 2081792
1790640868.956 248576912 41017990 14654177 1847 3050496 46419968 0 55627 77867 2081792
1790640870.016 248578136 41017990 14666230 1847 3050496 46419968 0 55672 77927 2081792
1790640871.087 248579333 41017990 14678383 1847 3050496 46419968 0 55714 77992 2081792
1790640872.150 248579887 41017990 14690443 1847 3050496 46419968 0 55756 78056 2081792
1790640873.210 248581486 41017990 14702477 1847 3050496 46419968 0 55798 78120 2081792
1790640874.270 248584195 41017990 14714511 1847 3050496 46419968 0 55841 78183 2081792
1790640875.330 248586925 41017990 14726533 1847 3050496 46419968 0 55880 78250 2081792
1790640876.393 248587709 41017990 14738549 1847 3050496 46419968 0 55920 78316 2081792
1790640877.452 248588164 41017990 14750603 1847 3050496 46419968 0 55963 78379 2081792
1790640878.513 248589145 41017990 14762657 1847 3050496 46419968 0 56007 78441 2081792
1790640879.572 248591281 41017990 14774677 1847 3050496 46419968 0 56053 78501 2081792
1790640880.631 248592538 41017990 14786724 1847 3050496 46419968 0 56097 78563 2081792
1790640881.694 248593642 41017990 14798743 1847 3050496 46419968 0 56139 78627 2081792
1790640882.753 248594495 41017990 14810793 1847 3050496 46419968 0 56179 78692 2081792
1790640883.812 248595337 41017990 14822832 1847 3050496 46419968 0 56221 78756 2081792
1790640884.873 248596140 41017990 14834878 1847 3050496 46419968 0 56264 78819 2081792
1790640885.935 248597282 41017990 14846979 1847 3050496 46419968 0 56306 78883 2081792
