# pid 21495  clk_tck=
# t rchar wchar syscr syscw read_bytes write_bytes cancelled_write_bytes utime stime hda_pos
1790640943.223 251840115 41160158 15499229 1866 3050496 46592000 0 58652 82277 382216192
1790640943.484 251840821 41160158 15501981 1866 3050496 46592000 0 58662 82293 382216192
1790640943.742 251841247 41160158 15504790 1866 3050496 46592000 0 58672 82309 382216192
1790640944.003 251841749 41160158 15507599 1866 3050496 46592000 0 58683 82324 382216192
1790640944.263 251842243 41160158 15510425 1866 3050496 46592000 0 58693 82340 382216192
1790640944.522 251842638 41160158 15513236 1866 3050496 46592000 0 58703 82355 382216192
1790640944.782 251843184 41160158 15516036 1866 3050496 46592000 0 58712 82372 382216192
1790640945.041 251843610 41160158 15518839 1866 3050496 46592000 0 58723 82388 382216192
1790640945.299 251843866 41160158 15521653 1866 3050496 46592000 0 58733 82403 382216192
1790640945.559 251844122 41160158 15524459 1866 3050496 46592000 0 58744 82418 382216192
1790640945.821 251844767 41160158 15527215 1866 3050496 46592000 0 58755 82432 382216192
1790640946.097 251855078 41160158 15529835 1866 3050496 46592000 0 58767 82445 382216192
1790640946.361 251856888 41160158 15532678 1866 3050496 46592000 0 58778 82461 382216192
1790640946.623 251858671 41160158 15535450 1866 3050496 46592000 0 58789 82476 382216192
1790640946.884 252271268 41160158 15537320 1866 3050496 46592000 0 58804 82487 48571904
1790640947.145 252934564 41160158 15538648 1866 3050496 46592000 0 58822 82495 49178112
1790640947.397 253545107 41160158 15539898 1866 3050496 46592000 0 58838 82504 49735168
1790640947.666 253600179 41160158 15542558 1866 3050496 46592000 0 58851 82517 49751552
1790640947.924 253600681 41160158 15545358 1866 3050496 46592000 0 58861 82533 49751552
1790640948.184 253995415 41160158 15547242 1866 3050496 46592000 0 58875 82545 50144768
1790640948.446 254641390 41160158 15548570 1866 3050496 46592000 0 58893 82553 50734592
1790640948.707 255286766 41160158 15549897 1866 3050496 46592000 0 58910 82562 51324416
1790640948.967 255807118 41160158 15551523 1866 3050496 46592000 0 58926 82572 51799552
1790640949.230 256201784 41160158 15553335 1866 3050496 46592000 0 58941 82583 52127232
1790640949.480 256208190 41356766 15554398 1869 3055616 46878720 0 58953 82588 929195520
1790640949.733 256214960 41684446 15555543 1874 3065856 47157248 0 58965 82597 929457664
1790640949.993 256221366 41881054 15556907 1877 3076096 47435776 0 58978 82606 929719808
1790640950.252 256228316 42208734 15558191 1882 3086336 47714304 0 58991 82615 929981952
1790640950.505 256234777 42470878 15559436 1886 3096576 47992832 0 59004 82623 930244096
1790640950.764 256241545 42733022 15560713 1890 3106816 48271360 0 59018 82631 930506240
1790640951.026 256247953 42995166 15561954 1894 3117056 48549888 0 59033 82638 930768384
1790640951.285 256254973 43257310 15563212 1898 3127296 48828416 0 59047 82646 931030528
1790640951.547 256261385 43519454 15564360 1902 3137536 49106944 0 59061 82653 931292672
1790640951.806 256268161 43781598 15565712 1906 3147776 49385472 0 59073 82662 931554816
1790640952.067 256274689 44043742 15566721 1910 3158528 49668096 0 59085 82669 931816960
1790640952.326 256281335 44305886 15568032 1914 3168768 49946624 0 59099 82677 932079104
1790640952.582 256287796 44568030 15569230 1918 3179008 50225152 0 59112 82684 932341248
1790640952.841 256294204 44830174 15570503 1922 3189248 50503680 0 59127 82690 932603392
1790640953.102 256319976 45092318 15571754 1926 3301888 50782208 0 59140 82699 932891136
1790640953.363 256343788 45118942 15574359 1930 3304448 50823168 0 59150 82714 932891648
1790640953.622 256344334 45118942 15577171 1930 3304448 50823168 0 59160 82729 932891648
1790640953.875 256386824 45126110 15579235 1942 3304448 50872320 0 59168 82741 489652224
1790640954.136 256387626 45126110 15582040 1942 3304448 50872320 0 59178 82757 489652224
1790640954.395 256493082 45126110 15584693 1942 3308544 50872320 0 59190 82771 930017280
1790640954.656 257047329 45126110 15586410 1942 3308544 50872320 0 59206 82781 930492416
1790640954.919 257784865 45126110 15587731 1942 3308544 50872320 0 59224 82789 931082240
1790640955.179 257908803 45126110 15590362 1942 3308544 50872320 0 59236 82803 932884992
1790640955.439 257910597 45127134 15593062 1944 3308544 50880512 0 59245 82819 2081792
1790640955.696 257912511 45128158 15595674 1946 3308544 50888704 0 59256 82833 2081792
1790640955.955 257913135 45128158 15598421 1946 3308544 50888704 0 59267 82847 2081792
1790640956.215 257913799 45128158 15601234 1946 3308544 50888704 0 59276 82864 2081792
1790640956.487 257914112 45128158 15604102 1946 3308544 50888704 0 59287 82881 2081792
1790640956.746 257914368 45128158 15606908 1946 3308544 50888704 0 59298 82896 2081792
1790640957.005 257914624 45128158 15609703 1946 3308544 50888704 0 59308 82911 2081792
1790640957.264 257914880 45128158 15612517 1946 3308544 50888704 0 59319 82926 2081792
1790640957.523 257915136 45128158 15615324 1946 3308544 50888704 0 59329 82941 2081792
1790640957.782 257915392 45128158 15618134 1946 3308544 50888704 0 59340 82956 2081792
1790640958.042 257915894 45128158 15620940 1946 3308544 50888704 0 59350 82973 2081792
1790640958.303 257916388 45128158 15623813 1946 3308544 50888704 0 59360 82989 2081792
1790640958.566 257916697 45128158 15626628 1946 3308544 50888704 0 59370 83005 2081792
1790640958.825 257917199 45128158 15629438 1946 3308544 50888704 0 59380 83021 2081792
1790640959.086 257917625 45128158 15632257 1946 3308544 50888704 0 59390 83037 2081792
1790640959.345 257918051 45128158 15635065 1946 3308544 50888704 0 59399 83054 2081792
1790640959.604 257918453 45128158 15637878 1946 3308544 50888704 0 59410 83069 2081792
1790640959.865 257918709 45128158 15640601 1946 3308544 50888704 0 59419 83085 2081792
1790640960.124 257919527 45128158 15643363 1946 3308544 50888704 0 59429 83101 2081792
1790640960.382 257920021 45128158 15646163 1946 3308544 50888704 0 59439 83117 2081792
1790640960.643 257920390 45128158 15648970 1946 3308544 50888704 0 59450 83131 2081792
1790640960.901 257920646 45128158 15651774 1946 3308544 50888704 0 59463 83145 2081792
1790640961.162 257921460 45128158 15654602 1946 3308544 50888704 0 59474 83160 2081792
1790640961.423 257921716 45128158 15657412 1946 3308544 50888704 0 59485 83175 2081792
1790640961.682 257921972 45128158 15660161 1946 3308544 50888704 0 59495 83190 2081792
1790640961.940 257922288 45128158 15662969 1946 3308544 50888704 0 59505 83206 2081792
1790640962.199 257922782 45128158 15665782 1946 3308544 50888704 0 59517 83220 2081792
1790640962.458 257923091 45128158 15668578 1946 3308544 50888704 0 59527 83235 2081792
1790640962.717 257923347 45128158 15671386 1946 3308544 50888704 0 59540 83249 2081792
1790640962.976 257924029 45128158 15674187 1946 3308544 50888704 0 59551 83264 2081792
1790640963.235 257924455 45128158 15676996 1946 3308544 50888704 0 59561 83279 2081792
1790640963.494 257924711 45128158 15679800 1946 3308544 50888704 0 59572 83294 2081792
1790640963.752 257925137 45128158 15682600 1946 3308544 50888704 0 59583 83309 2081792
1790640964.022 257925639 45128158 15685347 1946 3308544 50888704 0 59594 83324 2081792
1790640964.281 257926501 45128158 15688100 1946 3308544 50888704 0 59604 83340 2081792
1790640964.542 257926870 45128158 15690915 1946 3308544 50888704 0 59614 83356 2081792
1790640964.801 257927296 45128158 15693726 1946 3308544 50888704 0 59623 83373 2081792
1790640965.061 257927722 45128158 15696542 1946 3308544 50888704 0 59632 83389 2081792
1790640965.321 257927978 45128158 15699354 1946 3308544 50888704 0 59642 83405 2081792
1790640965.580 257928486 45128158 15702161 1946 3308544 50888704 0 59654 83419 2081792
1790640965.839 257928742 45128158 15704962 1946 3308544 50888704 0 59664 83434 2081792
1790640966.098 257929168 45128158 15707768 1946 3308544 50888704 0 59674 83451 2081792
1790640966.358 257929935 45128158 15710594 1946 3308544 50888704 0 59685 83466 2081792
1790640966.622 257930768 45128158 15713368 1946 3308544 50888704 0 59696 83481 2081792
1790640966.881 257931024 45128158 15716181 1946 3308544 50888704 0 59707 83496 2081792
1790640967.139 257931916 45128158 15718999 1946 3308544 50888704 0 59717 83511 2081792
1790640967.400 257932172 45128158 15721804 1946 3308544 50888704 0 59729 83525 2081792
1790640967.659 257932428 45128158 15724611 1946 3308544 50888704 0 59738 83542 2081792
1790640967.918 257933090 45128158 15727424 1946 3308544 50888704 0 59748 83558 2081792
1790640968.191 257933584 45128158 15730157 1946 3308544 50888704 0 59757 83574 2081792
1790640968.450 257934277 45128158 15732909 1946 3308544 50888704 0 59769 83588 2081792
1790640968.709 257934533 45128158 15735711 1946 3308544 50888704 0 59780 83603 2081792
1790640968.968 257935035 45128158 15738519 1946 3308544 50888704 0 59790 83618 2081792
1790640969.228 257935631 45128158 15741346 1946 3308544 50888704 0 59801 83634 2081792
1790640969.489 257935887 45128158 15744150 1946 3308544 50888704 0 59812 83649 2081792
1790640969.749 257937105 45128158 15746967 1946 3308544 50888704 0 59822 83664 2081792
1790640970.009 257937361 45128158 15749772 1946 3308544 50888704 0 59833 83680 2081792
1790640970.270 257938085 45128158 15752597 1946 3308544 50888704 0 59844 83694 2081792
1790640970.529 257938394 45128158 15755402 1946 3308544 50888704 0 59854 83710 2081792
1790640970.789 257939112 45128158 15758205 1946 3308544 50888704 0 59866 83725 2081792
1790640971.048 257939368 45128158 15761019 1946 3308544 50888704 0 59877 83740 2081792
1790640971.307 257939624 45128158 15763837 1946 3308544 50888704 0 59888 83754 2081792
1790640971.566 257939976 45128158 15766580 1946 3308544 50888704 0 59898 83770 2081792
1790640971.826 257940232 45128158 15769386 1946 3308544 50888704 0 59909 83785 2081792
1790640972.084 257940488 45128158 15772197 1946 3308544 50888704 0 59919 83801 2081792
1790640972.359 257942245 45128158 15774928 1946 3308544 50888704 0 59929 83815 2081792
1790640972.618 257942938 45128158 15777742 1946 3308544 50888704 0 59939 83832 2081792
1790640972.883 257943440 45128158 15780548 1946 3308544 50888704 0 59950 83847 2081792
1790640973.144 257944703 45128158 15783378 1946 3308544 50888704 0 59961 83862 2081792
1790640973.404 257945385 45128158 15786182 1946 3308544 50888704 0 59971 83877 2081792
1790640973.664 257945871 45128158 15788990 1946 3308544 50888704 0 59981 83893 2081792
1790640973.923 257946373 45128158 15791799 1946 3308544 50888704 0 59991 83910 2081792
1790640974.182 257946867 45128158 15794614 1946 3308544 50888704 0 60001 83925 2081792
1790640974.441 257947176 45128158 15797419 1946 3308544 50888704 0 60012 83940 2081792
1790640974.701 257947894 45128158 15800216 1946 3308544 50888704 0 60023 83956 2081792
1790640974.961 257948320 45128158 15803040 1946 3308544 50888704 0 60033 83972 2081792
1790640975.221 257948576 45128158 15805859 1946 3308544 50888704 0 60044 83986 2081792
1790640975.480 257948832 45128158 15808670 1946 3308544 50888704 0 60053 84003 2081792
1790640975.740 257949208 45128158 15811482 1946 3308544 50888704 0 60062 84020 2081792
1790640976.000 257949634 45128158 15814303 1946 3308544 50888704 0 60073 84034 2081792
1790640976.260 257950248 45128158 15817116 1946 3308544 50888704 0 60083 84051 2081792
1790640976.519 257951431 45128158 15819997 1946 3308544 50888704 0 60094 84067 2081792
1790640976.797 257951687 45128158 15822883 1946 3308544 50888704 0 60106 84081 2081792
1790640977.056 257951943 45128158 15825691 1946 3308544 50888704 0 60117 84096 2081792
1790640977.315 257952199 45128158 15828502 1946 3308544 50888704 0 60128 84111 2081792
1790640977.574 257952455 45128158 15831308 1946 3308544 50888704 0 60139 84126 2081792
1790640977.832 257952957 45128158 15834118 1946 3308544 50888704 0 60149 84142 2081792
1790640978.092 257953213 45128158 15836922 1946 3308544 50888704 0 60160 84156 2081792
1790640978.351 257953707 45128158 15839731 1946 3308544 50888704 0 60171 84171 2081792
1790640978.610 257954016 45128158 15842543 1946 3308544 50888704 0 60181 84187 2081792
1790640978.870 257954578 45128158 15845348 1946 3308544 50888704 0 60192 84202 2081792
1790640979.130 257955004 45128158 15848156 1946 3308544 50888704 0 60202 84217 2081792
1790640979.390 257955430 45128158 15850970 1946 3308544 50888704 0 60213 84233 2081792
1790640979.649 257955686 45128158 15853780 1946 3308544 50888704 0 60222 84249 2081792
1790640979.908 257956002 45128158 15856592 1946 3308544 50888704 0 60233 84265 2081792
1790640980.167 257956428 45128158 15859409 1946 3308544 50888704 0 60243 84280 2081792
1790640980.428 257956975 45128158 15862223 1946 3308544 50888704 0 60253 84296 2081792
1790640980.687 257957291 45128158 15865031 1946 3308544 50888704 0 60262 84313 2081792
1790640980.947 257957679 45128158 15867842 1946 3308544 50888704 0 60273 84329 2081792
1790640981.206 257957935 45128158 15870656 1946 3308544 50888704 0 60282 84345 2081792
1790640981.465 257958191 45128158 15873461 1946 3308544 50888704 0 60293 84360 2081792
1790640981.723 257958447 45128158 15876211 1946 3308544 50888704 0 60303 84376 2081792
1790640981.983 257958769 45128158 15879021 1946 3308544 50888704 0 60313 84391 2081792
1790640982.243 257959869 45128158 15881844 1946 3308544 50888704 0 60324 84407 2081792
1790640982.503 257960178 45128158 15884650 1946 3308544 50888704 0 60334 84422 2081792
1790640982.761 257960434 45128158 15887461 1946 3308544 50888704 0 60344 84438 2081792
1790640983.021 257960936 45128158 15890265 1946 3308544 50888704 0 60353 84455 2081792
1790640983.281 257961362 45128158 15893097 1946 3308544 50888704 0 60363 84471 2081792
1790640983.541 257961618 45128158 15895905 1946 3308544 50888704 0 60375 84485 2081792
1790640983.801 257962044 45128158 15898721 1946 3308544 50888704 0 60387 84499 2081792
1790640984.060 257962546 45128158 15901535 1946 3308544 50888704 0 60397 84514 2081792
1790640984.320 257963040 45128158 15904351 1946 3308544 50888704 0 60408 84530 2081792
1790640984.580 257964121 45128158 15907176 1946 3308544 50888704 0 60417 84546 2081792
1790640984.843 257964377 45128158 15910028 1946 3308544 50888704 0 60428 84562 2081792
1790640985.102 257964803 45128158 15912851 1946 3308544 50888704 0 60439 84577 2081792
1790640985.362 257965119 45128158 15915659 1946 3308544 50888704 0 60450 84591 2081792
1790640985.622 257965375 45128158 15918470 1946 3308544 50888704 0 60461 84606 2081792
1790640985.881 257965631 45128158 15921277 1946 3308544 50888704 0 60470 84623 2081792
1790640986.141 257966187 45128158 15924092 1946 3308544 50888704 0 60481 84638 2081792
1790640986.400 257966681 45128158 15926902 1946 3308544 50888704 0 60492 84653 2081792
1790640986.660 257967242 45128158 15929665 1946 3308544 50888704 0 60503 84668 2081792
1790640986.920 257967498 45128158 15932475 1946 3308544 50888704 0 60513 84684 2081792
1790640987.179 257967986 45128158 15935286 1946 3308544 50888704 0 60524 84698 2081792
1790640987.438 257968262 45128158 15938091 1946 3308544 50888704 0 60535 84713 2081792
1790640987.697 257968518 45128158 15940903 1946 3308544 50888704 0 60545 84729 2081792
1790640987.956 257969080 45128158 15943709 1946 3308544 50888704 0 60557 84743 2081792
1790640988.215 257969694 45128158 15946525 1946 3308544 50888704 0 60567 84759 2081792
1790640988.474 257970003 45128158 15949332 1946 3308544 50888704 0 60578 84773 2081792
1790640988.733 257970259 45128158 15952144 1946 3308544 50888704 0 60589 84789 2081792
1790640988.993 257971281 45128158 15954967 1946 3308544 50888704 0 60600 84805 2081792
1790640989.257 257971707 45128158 15957828 1946 3308544 50888704 0 60611 84819 2081792
1790640989.517 257971963 45128158 15960636 1946 3308544 50888704 0 60621 84834 2081792
1790640989.777 257972665 45128158 15963416 1946 3308544 50888704 0 60632 84850 2081792
1790640990.036 257972921 45128158 15966229 1946 3308544 50888704 0 60643 84865 2081792
1790640990.296 257974131 45128158 15969036 1946 3308544 50888704 0 60653 84881 2081792
1790640990.555 257974440 45128158 15971854 1946 3308544 50888704 0 60663 84896 2081792
1790640990.814 257975056 45128158 15974652 1946 3308544 50888704 0 60673 84912 2081792
1790640991.080 257975312 45128158 15977522 1946 3308544 50888704 0 60684 84927 2081792
1790640991.338 257975628 45128158 15980330 1946 3308544 50888704 0 60694 84943 2081792
1790640991.614 257976342 45128158 15983034 1946 3308544 50900992 0 60716 84960 2081792
1790640991.926 257976634 45197543 15985994 1955 3308544 50982912 0 60741 84977 2081792
1790640992.185 257976890 45197543 15988783 1955 3308544 50982912 0 60753 84991 2081792
1790640992.444 257977437 45197543 15991568 1955 3308544 50982912 0 60763 85006 2081792
1790640992.704 257978234 45197543 15994352 1955 3308544 50982912 0 60774 85022 2081792
1790640992.962 257979626 45197543 15997127 1955 3308544 50982912 0 60784 85037 2081792
1790640993.222 257980052 45197543 15999911 1955 3308544 50982912 0 60795 85052 2081792
1790640993.481 257980428 45197543 16002695 1955 3308544 50982912 0 60806 85067 2081792
1790640993.740 257980854 45197543 16005479 1955 3308544 50982912 0 60817 85082 2081792
1790640993.999 257981476 45197543 16008160 1955 3308544 50982912 0 60826 85098 2081792
1790640994.258 257981970 45197543 16010990 1955 3308544 50982912 0 60837 85113 2081792
1790640994.534 257982719 45197543 16014027 1955 3308544 50982912 0 60850 85130 2081792
1790640994.860 257984017 45197543 16015985 1955 3308544 50982912 0 60858 85146 2081792
1790640995.178 257984443 45197543 16018483 1955 3308544 50982912 0 60868 85163 2081792
