# pid 21495  clk_tck=
# t rchar wchar syscr syscw read_bytes write_bytes cancelled_write_bytes utime stime hda_pos
1790641090.960 263329832 45336553 17115593 1983 4008960 51212288 0 64766 90845 2081792
1790641091.248 263330978 45336553 17118601 1983 4008960 51212288 0 64778 90861 2081792
1790641091.508 263331330 45336553 17121411 1983 4008960 51212288 0 64787 90878 2081792
1790641091.768 263331706 45336553 17124226 1983 4008960 51212288 0 64797 90894 2081792
1790641092.027 263331962 45336553 17127037 1983 4008960 51212288 0 64807 90910 2081792
1790641092.287 263332456 45336553 17129798 1983 4008960 51212288 0 64817 90926 2081792
1790641092.547 263332765 45336553 17132614 1983 4008960 51212288 0 64827 90942 2081792
1790641092.807 263333021 45336553 17135432 1983 4008960 51212288 0 64837 90957 2081792
1790641093.067 263333523 45336553 17138246 1983 4008960 51212288 0 64847 90974 2081792
1790641093.328 263333949 45336553 17141066 1983 4008960 51212288 0 64858 90988 2081792
1790641093.595 263334824 45336553 17143922 1983 4008960 51212288 0 64869 91005 2081792
1790641093.908 263346221 45336553 17147074 1983 4008960 51212288 0 64881 91022 2081792
1790641094.169 263346723 45336553 17149890 1983 4008960 51212288 0 64892 91036 2081792
1790641094.427 263347481 45336553 17152706 1983 4008960 51212288 0 64904 91051 2081792
1790641094.694 263689079 45336553 17154725 1983 4504576 51212288 0 64919 91061 43034112
1790641094.957 264334475 45336553 17156048 1983 5159936 51212288 0 64938 91069 43623936
1790641095.225 264962691 45336553 17157329 1983 5684224 51212288 0 64958 91076 44197376
1790641095.488 265088799 45336553 17159901 1983 5815296 51212288 0 64968 91091 44279296
1790641095.754 265090318 45336553 17162760 1983 5815296 51212288 0 64979 91107 44279296
1790641096.014 265395222 45336553 17164866 1983 6077440 51212288 0 64993 91119 44590592
1790641096.279 266041142 45336553 17166192 1983 6732800 51212288 0 65012 91126 45180416
1790641096.544 266543291 45336553 17167847 1983 7023616 51212288 0 65029 91135 45655552
1790641096.806 267045317 45336553 17169415 1983 7314432 51212288 0 65045 91144 46114304
1790641097.069 267532501 45336553 17171048 1983 7838720 51212288 0 65062 91153 1167872
1790641097.334 267540449 45664233 17172154 1988 7846400 51560448 0 65076 91160 933225984
1790641097.597 267546857 45860841 17173543 1991 7856640 51838976 0 65091 91168 933488128
1790641097.848 267553265 46122985 17174608 1995 7866880 52117504 0 65104 91173 933684736
1790641098.103 267558383 46385129 17175869 1999 7874560 52330496 0 65117 91181 934012416
1790641098.366 267567113 46712809 17177058 2004 7887360 52678656 0 65132 91188 934274560
1790641098.625 267573572 46909417 17178391 2007 7897600 52957184 0 65147 91194 934536704
1790641098.880 267580042 47237097 17179573 2012 7907840 53235712 0 65160 91202 934798848
1790641099.135 267586866 47499241 17180797 2016 7918080 53514240 0 65173 91209 935060992
1790641099.386 267593812 47761385 17181927 2020 7928320 53792768 0 65187 91217 935323136
1790641099.644 267600220 48023529 17183221 2024 7938560 54071296 0 65200 91225 935585280
1790641099.902 267623014 48267753 17184447 2029 8091136 54333440 0 65213 91232 935847424
1790641100.157 267629652 48529897 17185658 2033 8101376 54611968 0 65228 91238 936109568
1790641100.417 267636296 48726505 17186668 2036 8111616 54890496 0 65239 91245 936371712
1790641100.672 267644527 49054185 17187861 2041 8121856 55169024 0 65253 91253 936633856
1790641100.940 268114139 49119721 17189347 2042 8517632 55238656 0 65270 91261 46949888
1790641101.203 268653604 49119721 17190873 2042 9041920 55238656 0 65286 91271 47457792
1790641101.466 269227782 49119721 17192382 2042 9291776 55238656 0 65303 91280 47932928
1790641101.719 269236154 49381865 17193586 2046 9302016 55517184 0 65317 91288 936961536
1790641101.981 269244686 49644009 17194895 2050 9312256 55795712 0 65332 91295 937223680
1790641102.235 269251278 49906153 17196046 2054 9322496 56074240 0 65345 91302 937485824
1790641102.496 269257977 50168297 17197329 2058 9332736 56352768 0 65358 91311 937747968
1790641102.757 269264385 50430441 17198535 2062 9342976 56631296 0 65372 91319 938010112
1790641103.018 269373579 50547177 17200619 2068 9450496 56770560 0 65382 91332 938125824
1790641103.279 269374641 50547177 17203434 2068 9450496 56770560 0 65394 91346 938125824
1790641103.535 269413299 50551785 17205715 2077 9450496 56815616 0 65401 91359 489651712
1790641103.795 269422173 50552809 17208412 2079 9450496 56819712 0 65411 91375 489651712
1790641104.055 269422675 50552809 17211218 2079 9450496 56819712 0 65421 91391 489651712
1790641104.315 269424707 50553833 17213833 2081 9450496 56827904 0 65430 91406 2081792
1790641104.575 269426554 50554857 17216512 2083 9450496 56836096 0 65439 91422 2081792
1790641104.835 269429798 50554857 17219323 2083 9450496 56836096 0 65450 91437 2081792
1790641105.095 269430826 50554857 17222135 2083 9450496 56836096 0 65460 91453 2081792
1790641105.358 269431142 50554857 17224974 2083 9450496 56836096 0 65470 91469 2081792
1790641105.618 269431398 50554857 17227790 2083 9450496 56836096 0 65481 91484 2081792
1790641105.878 269431654 50554857 17230605 2083 9450496 56836096 0 65491 91500 2081792
1790641106.138 269432080 50554857 17233418 2083 9450496 56836096 0 65501 91516 2081792
1790641106.399 269432574 50554857 17236233 2083 9450496 56836096 0 65512 91531 2081792
1790641106.659 269432883 50554857 17239046 2083 9450496 56836096 0 65521 91548 2081792
1790641106.918 269433139 50554857 17241857 2083 9450496 56836096 0 65531 91563 2081792
1790641107.181 269433399 50554857 17244693 2083 9450496 56836096 0 65543 91578 2081792
1790641107.449 269433655 50554857 17247506 2083 9450496 56836096 0 65552 91594 2081792
1790641107.730 269435453 50554857 17250385 2083 9450496 56836096 0 65562 91612 2081792
1790641107.991 269436015 50554857 17253197 2083 9450496 56836096 0 65572 91629 2081792
1790641108.252 269436391 50554857 17256015 2083 9450496 56836096 0 65583 91643 2081792
1790641108.512 269436938 50554857 17258834 2083 9450496 56836096 0 65594 91658 2081792
1790641108.771 269437194 50554857 17261645 2083 9450496 56836096 0 65604 91674 2081792
1790641109.033 269437968 50554857 17264471 2083 9450496 56836096 0 65614 91690 2081792
1790641109.293 269438940 50554857 17267276 2083 9450496 56836096 0 65625 91705 2081792
1790641109.553 269439196 50554857 17270092 2083 9450496 56836096 0 65635 91721 2081792
1790641109.813 269439452 50554857 17272906 2083 9450496 56836096 0 65646 91736 2081792
1790641110.079 269439810 50554857 17275780 2083 9450496 56836096 0 65657 91751 2081792
1790641110.339 269441006 50554857 17278592 2083 9450496 56836096 0 65668 91767 2081792
1790641110.600 269441315 50554857 17281407 2083 9450496 56836096 0 65679 91781 2081792
1790641110.861 269441571 50554857 17284234 2083 9450496 56836096 0 65690 91797 2081792
1790641111.121 269442007 50554857 17287046 2083 9450496 56836096 0 65698 91814 2081792
1790641111.382 269442683 50554857 17289864 2083 9450496 56836096 0 65707 91831 2081792
1790641111.642 269442939 50554857 17292680 2083 9450496 56836096 0 65718 91846 2081792
1790641111.904 269443587 50554857 17295312 2083 9450496 56836096 0 65728 91861 2081792
1790641112.165 269443843 50554857 17298131 2083 9450496 56836096 0 65740 91875 2081792
1790641112.427 269444390 50554857 17300913 2083 9450496 56836096 0 65752 91890 2081792
1790641112.688 269444766 50554857 17303742 2083 9450496 56836096 0 65762 91905 2081792
1790641112.948 269445268 50554857 17306552 2083 9450496 56836096 0 65773 91921 2081792
1790641113.208 269445694 50554857 17309375 2083 9450496 56836096 0 65783 91936 2081792
1790641113.469 269446010 50554857 17312183 2083 9450496 56836096 0 65794 91952 2081792
1790641113.730 269448538 50554857 17315012 2083 9450496 56836096 0 65803 91968 2081792
1790641113.991 269449040 50554857 17317823 2083 9450496 56836096 0 65813 91984 2081792
1790641114.251 269449296 50554857 17320638 2083 9450496 56836096 0 65824 91999 2081792
1790641114.511 269449843 50554857 17323459 2083 9450496 56836096 0 65834 92015 2081792
1790641114.771 269450815 50554857 17326262 2083 9450496 56836096 0 65845 92030 2081792
1790641115.032 269451071 50554857 17329081 2083 9450496 56836096 0 65855 92046 2081792
1790641115.293 269451617 50554857 17331902 2083 9450496 56836096 0 65865 92062 2081792
1790641115.553 269451873 50554857 17334718 2083 9450496 56836096 0 65876 92077 2081792
1790641115.813 269452189 50554857 17337535 2083 9450496 56836096 0 65887 92092 2081792
1790641116.065 269453043 50554857 17340137 2083 9450496 56836096 0 65897 92107 2081792
1790641116.333 269453657 50554857 17342943 2083 9450496 56836096 0 65909 92121 2081792
1790641116.593 269453966 50554857 17345759 2083 9450496 56836096 0 65920 92135 2081792
1790641116.854 269454222 50554857 17348584 2083 9450496 56836096 0 65931 92150 2081792
1790641117.114 269454478 50554857 17351401 2083 9450496 56836096 0 65942 92166 2081792
1790641117.373 269454734 50554857 17354155 2083 9450496 56836096 0 65952 92181 2081792
1790641117.634 269454990 50554857 17356977 2083 9450496 56836096 0 65963 92197 2081792
1790641117.893 269455246 50554857 17359793 2083 9450496 56836096 0 65973 92213 2081792
1790641118.153 269455748 50554857 17362605 2083 9450496 56836096 0 65983 92228 2081792
1790641118.413 269456242 50554857 17365419 2083 9450496 56836096 0 65993 92244 2081792
1790641118.678 269457097 50554857 17368277 2083 9450496 56836096 0 66004 92260 2081792
1790641118.938 269457353 50554857 17371093 2083 9450496 56836096 0 66015 92274 2081792
1790641119.197 269458327 50554857 17373822 2083 9450496 56836096 0 66026 92290 2081792
1790641119.459 269458583 50554857 17376630 2083 9450496 56836096 0 66036 92305 2081792
1790641119.719 269458839 50554857 17379444 2083 9450496 56836096 0 66047 92321 2081792
1790641119.979 269459095 50554857 17382261 2083 9450496 56836096 0 66058 92336 2081792
1790641120.240 269460737 50554857 17384898 2083 9450496 56836096 0 66068 92351 2081792
1790641120.501 269462547 50554857 17387705 2083 9450496 56836096 0 66079 92366 2081792
1790641120.761 269462803 50554857 17390522 2083 9450496 56836096 0 66090 92381 2081792
1790641121.021 269463059 50554857 17393334 2083 9450496 56836096 0 66100 92396 2081792
1790641121.281 269463375 50554857 17396148 2083 9450496 56836096 0 66112 92410 2081792
1790641121.541 269464990 50554857 17398946 2083 9450496 56836096 0 66121 92427 2081792
1790641121.801 269465378 50554857 17401762 2083 9450496 56836096 0 66133 92441 2081792
1790641122.061 269465634 50554857 17404574 2083 9450496 56836096 0 66144 92456 2081792
1790641122.321 269466128 50554857 17407337 2083 9450496 56836096 0 66155 92471 2081792
1790641122.580 269466763 50554857 17410141 2083 9450496 56836096 0 66167 92485 2081792
1790641122.841 269467019 50554857 17412965 2083 9450496 56836096 0 66177 92501 2081792
1790641123.103 269467521 50554857 17415780 2083 9450496 56836096 0 66188 92516 2081792
1790641123.366 269469233 50554857 17418615 2083 9450496 56836096 0 66199 92531 2081792
1790641123.627 269471791 50554857 17421445 2083 9450496 56836096 0 66209 92547 2081792
1790641123.892 269473615 50554857 17424288 2083 9450496 56836096 0 66218 92564 2081792
1790641124.153 269475685 50554857 17427100 2083 9450496 56836096 0 66229 92579 2081792
1790641124.421 269479374 50554857 17429984 2083 9450496 56836096 0 66239 92596 2081792
1790641124.683 269482898 50554857 17432816 2083 9450496 56836096 0 66248 92614 2081792
1790641124.950 269484200 50554857 17435676 2083 9450496 56836096 0 66259 92629 2081792
1790641125.213 269484712 50554857 17438503 2083 9450496 56836096 0 66269 92645 2081792
1790641125.473 269484968 50554857 17441314 2083 9450496 56836096 0 66280 92660 2081792
1790641125.733 269486848 50554857 17444121 2083 9450496 56836096 0 66289 92677 2081792
1790641125.993 269487104 50554857 17446939 2083 9450496 56836096 0 66300 92692 2081792
1790641126.253 269487530 50554857 17449749 2083 9450496 56836096 0 66309 92708 2081792
1790641126.513 269488819 50554857 17452555 2083 9450496 56836096 0 66320 92723 2081792
1790641126.774 269489075 50554857 17455368 2083 9450496 56836096 0 66332 92738 2081792
1790641127.034 269489331 50554857 17458186 2083 9450496 56836096 0 66344 92752 2081792
1790641127.299 269489587 50554857 17461000 2083 9450496 56836096 0 66356 92766 2081792
1790641127.558 269493535 50554857 17463826 2083 9450496 56836096 0 66367 92782 2081792
1790641127.822 269493881 50554857 17466637 2083 9450496 56836096 0 66378 92796 2081792
1790641128.082 269494383 50554857 17469452 2083 9450496 56836096 0 66387 92812 2081792
1790641128.341 269494877 50554857 17472267 2083 9450496 56836096 0 66397 92829 2081792
1790641128.604 269496680 50554857 17475089 2083 9450496 56836096 0 66407 92845 2081792
1790641128.864 269498662 50554857 17477911 2083 9450496 56836096 0 66417 92860 2081792
1790641129.125 269501004 50554857 17480730 2083 9450496 56836096 0 66429 92875 2081792
1790641129.386 269501260 50554857 17483553 2083 9450496 56836096 0 66439 92890 2081792
1790641129.646 269501516 50554857 17486375 2083 9450496 56836096 0 66450 92906 2081792
1790641129.907 269501772 50554857 17489196 2083 9450496 56836096 0 66460 92921 2081792
1790641130.167 269502198 50554857 17492008 2083 9450496 56836096 0 66473 92935 2081792
1790641130.430 269505311 50554857 17494835 2083 9450496 56836096 0 66482 92951 2081792
1790641130.690 269505567 50554857 17497649 2083 9450496 56836096 0 66492 92967 2081792
1790641130.950 269505823 50554857 17500466 2083 9450496 56836096 0 66503 92982 2081792
1790641131.210 269506079 50554857 17503283 2083 9450496 56836096 0 66515 92997 2081792
1790641131.469 269506695 50554857 17506086 2083 9450496 56836096 0 66526 93012 2081792
1790641131.730 269506951 50554857 17508906 2083 9450496 56836096 0 66537 93027 2081792
1790641131.990 269507267 50554857 17511725 2083 9450496 56836096 0 66547 93042 2081792
1790641132.250 269507583 50554857 17514547 2083 9450496 56836096 0 66558 93057 2081792
1790641132.519 269508130 50554857 17517404 2083 9450496 56836096 0 66569 93073 2081792
1790641132.780 269508386 50554857 17520220 2083 9450496 56836096 0 66579 93089 2081792
1790641133.040 269508888 50554857 17523031 2083 9450496 56836096 0 66590 93104 2081792
1790641133.301 269509314 50554857 17525855 2083 9450496 56836096 0 66600 93120 2081792
1790641133.561 269509690 50554857 17528669 2083 9450496 56836096 0 66610 93136 2081792
1790641133.821 269510236 50554857 17531483 2083 9450496 56836096 0 66622 93150 2081792
1790641134.081 269510738 50554857 17534299 2083 9450496 56836096 0 66631 93166 2081792
1790641134.341 269511778 50554857 17537117 2083 9450496 56836096 0 66642 93182 2081792
1790641134.601 269512219 50554857 17539931 2083 9450496 56836096 0 66652 93197 2081792
1790641134.861 269512645 50554857 17542748 2083 9450496 56836096 0 66662 93214 2081792
1790641135.121 269513071 50554857 17545561 2083 9450496 56836096 0 66673 93228 2081792
1790641135.382 269514049 50554857 17548371 2083 9450496 56836096 0 66684 93243 2081792
1790641135.642 269514371 50554857 17551185 2083 9450496 56836096 0 66695 93258 2081792
1790641135.902 269514627 50554857 17553999 2083 9450496 56836096 0 66706 93273 2081792
1790641136.162 269515689 50554857 17556806 2083 9450496 56836096 0 66716 93289 2081792
1790641136.423 269516356 50554857 17559623 2083 9450496 56836096 0 66725 93306 2081792
1790641136.683 269516612 50554857 17562436 2083 9450496 56836096 0 66736 93321 2081792
1790641136.942 269516868 50554857 17565248 2083 9450496 56836096 0 66748 93335 2081792
1790641137.203 269517124 50554857 17568068 2083 9450496 56836096 0 66759 93350 2081792
1790641137.462 269517380 50554857 17570823 2083 9450496 56836096 0 66771 93364 2081792
1790641137.722 269517636 50554857 17573637 2083 9450496 56836096 0 66783 93378 2081792
1790641137.982 269518138 50554857 17576455 2083 9450496 56836096 0 66793 93394 2081792
1790641138.242 269518394 50554857 17579269 2083 9450496 56836096 0 66804 93409 2081792
1790641138.502 269518941 50554857 17582126 2083 9450496 56836096 0 66814 93425 2081792
1790641138.768 269519197 50554857 17584958 2083 9450496 56836096 0 66823 93442 2081792
1790641139.028 269519869 50554857 17587785 2083 9450496 56836096 0 66832 93459 2081792
1790641139.292 269520747 50554857 17590527 2083 9450496 56836096 0 66845 93475 2081792
1790641139.587 269521035 50620393 17593555 2091 9450496 56918016 0 66877 93493 2081792
1790641139.859 269522289 50623364 17596358 2092 9450496 56922112 0 66887 93509 2081792
1790641140.120 269522545 50623364 17599012 2092 9450496 56922112 0 66898 93524 2081792
1790641140.380 269524442 50623364 17601783 2092 9450496 56922112 0 66908 93539 2081792
1790641140.641 269524751 50623364 17604565 2092 9450496 56922112 0 66919 93555 2081792
1790641140.901 269525007 50623364 17607347 2092 9450496 56922112 0 66930 93569 2081792
1790641141.160 269525263 50623364 17610128 2092 9450496 56922112 0 66941 93585 2081792
1790641141.420 269526105 50623364 17612903 2092 9450496 56922112 0 66951 93600 2081792
1790641141.681 269526361 50623364 17615692 2092 9450496 56922112 0 66961 93616 2081792
1790641141.940 269526677 50623364 17618392 2092 9450496 56922112 0 66971 93631 2081792
1790641142.201 269526933 50623364 17621215 2092 9450496 56922112 0 66982 93646 2081792
1790641142.467 269527924 50623364 17623220 2092 9450496 56922112 0 66990 93660 2081792
1790641142.755 269528180 50623364 17624974 2092 9450496 56922112 0 66997 93675 2081792
1790641143.061 269528682 50623364 17627560 2092 9450496 56922112 0 67008 93692 2081792
