# pid 21495  clk_tck=
# t rchar wchar syscr syscw read_bytes write_bytes cancelled_write_bytes utime stime hda_pos
1790640672.301 228191569 31122445 12516364 1426 2535424 35581952 0 46854 66554 2081792
1790640673.365 228192446 31122445 12528415 1426 2535424 35581952 0 46899 66614 2081792
1790640674.421 228194235 31122445 12540428 1426 2535424 35581952 0 46941 66678 2081792
1790640675.483 228196055 31189146 12551966 1435 2535424 35667968 0 47009 66740 2081792
1790640676.542 228199178 31189146 12563724 1435 2535424 35667968 0 47048 66806 2081792
1790640677.603 228201115 31189146 12575678 1435 2535424 35667968 0 47090 66869 2081792
1790640678.674 228202804 31189146 12585430 1435 2535424 35667968 0 47130 66930 2081792
1790640679.776 229681889 31189146 12598644 1435 2535424 35667968 0 47172 66995 2081792
1790640680.841 229682612 31189146 12610457 1435 2535424 35667968 0 47211 67060 2081792
1790640681.900 229682868 31189146 12622528 1435 2535424 35667968 0 47253 67124 2081792
1790640682.959 229683841 31189146 12634577 1435 2535424 35667968 0 47297 67186 2081792
1790640684.018 229686003 31189146 12646613 1435 2535424 35667968 0 47341 67248 2081792
1790640685.078 229686652 31189146 12658629 1435 2535424 35667968 0 47384 67311 2081792
1790640686.138 229688078 31189146 12670666 1435 2535424 35667968 0 47428 67372 2081792
1790640687.196 229688447 31189146 12682731 1435 2535424 35667968 0 47472 67435 2081792
1790640688.256 229689367 31189146 12694791 1435 2535424 35667968 0 47515 67497 2081792
