# pid 21495  clk_tck=
# t rchar wchar syscr syscw read_bytes write_bytes cancelled_write_bytes utime stime
1790639742.626 88520476 723398 2306974 193 0 1093632 0 8564 12238
1790639743.682 88521532 723398 2318933 193 0 1093632 0 8608 12299
1790639744.734 88522517 723398 2330902 193 0 1093632 0 8652 12360
1790639745.782 88535687 723398 2342585 193 0 1093632 0 8693 12424
1790639746.834 89218674 723398 2354054 193 49152 1093632 0 8735 12487
1790639747.886 89220064 723398 2366027 193 49152 1093632 0 8779 12548
1790639748.937 89220697 723398 2378011 193 49152 1093632 0 8821 12611
1790639749.993 89291855 800390 2388466 208 49152 1212416 0 8884 12668
1790639751.044 89292819 800390 2400020 208 49152 1212416 0 8923 12732
1790639752.095 89293795 800390 2411966 208 49152 1212416 0 8966 12794
1790639753.158 89295180 800390 2421177 208 49152 1212416 0 9001 12855
1790639754.252 90772477 800390 2434305 208 49152 1212416 0 9042 12919
1790639755.302 90773238 800390 2446223 208 49152 1212416 0 9088 12978
1790639756.362 90774222 800390 2458012 208 49152 1224704 0 9140 13043
1790639757.444 90775682 874822 2469845 218 49152 1306624 0 9195 13107
1790639758.493 90777915 874822 2481672 218 49152 1306624 0 9236 13171
1790639759.555 90779005 874822 2492276 218 49152 1306624 0 9274 13236
1790639760.646 92260021 874822 2503853 218 49152 1306624 0 9310 13299
1790639761.697 92262008 874822 2515801 218 49152 1306624 0 9350 13365
1790639762.748 92262989 874822 2527760 218 49152 1306624 0 9389 13431
1790639763.800 92264377 949251 2539111 228 49152 1400832 0 9453 13494
1790639764.849 92266169 949251 2550906 228 49152 1400832 0 9492 13560
1790639765.901 92267181 949251 2562487 228 49152 1400832 0 9531 13625
1790639766.971 93006694 949251 2572717 228 49152 1400832 0 9566 13688
1790639768.052 93749581 949251 2585332 228 49152 1400832 0 9607 13753
1790639769.105 93750400 949251 2597311 228 49152 1400832 0 9652 13813
1790639770.164 93752270 949251 2609108 228 49152 1413120 0 9705 13877
1790639771.242 93753272 1023680 2620697 238 49152 1507328 0 9757 13942
1790639772.293 93754162 1023680 2632530 238 49152 1507328 0 9794 14011
1790639773.354 93756733 1023680 2642991 238 49152 1507328 0 9832 14073
1790639774.431 95242118 1023680 2654548 238 49152 1507328 0 9869 14135
1790639775.482 95252447 1023680 2666412 238 49152 1507328 0 9912 14198
1790639776.532 95254484 1023680 2678373 238 49152 1507328 0 9954 14260
1790639777.586 95256384 1098109 2689856 248 49152 1601536 0 10017 14326
1790639778.637 95261326 1098109 2701619 248 49152 1601536 0 10057 14391
1790639779.693 95262700 1098109 2713393 248 49152 1601536 0 10100 14452
1790639780.756 95263865 1098109 2723004 248 49152 1601536 0 10136 14516
1790639781.847 96745141 1098109 2735912 248 49152 1601536 0 10175 14583
1790639782.897 96745796 1098109 2747877 248 49152 1601536 0 10219 14644
1790639783.951 96747844 1098109 2759791 248 49152 1601536 0 10262 14706
1790639785.011 96749910 1172538 2771328 258 49152 1695744 0 10331 14767
1790639786.064 96751044 1172538 2782918 258 49152 1695744 0 10374 14827
1790639787.130 96753286 1172538 2794159 258 49152 1695744 0 10416 14891
1790639788.215 98234982 1172538 2805598 258 49152 1695744 0 10457 14949
1790639789.265 98235615 1172538 2817571 258 49152 1695744 0 10499 15012
1790639790.316 98236589 1172538 2829527 258 49152 1695744 0 10543 15072
1790639791.366 98237794 1246967 2840974 268 49152 1789952 0 10610 15135
1790639792.417 98238874 1246967 2852709 268 49152 1789952 0 10650 15199
1790639793.467 98239998 1246967 2864605 268 49152 1789952 0 10688 15266
1790639794.525 98241071 1246967 2874030 268 49152 1789952 0 10723 15327
1790639795.606 99721935 1246967 2886390 268 49152 1789952 0 10763 15389
1790639796.659 99723594 1246967 2898367 268 49152 1789952 0 10809 15448
1790639797.709 99724072 1246967 2910335 268 49152 1789952 0 10852 15509
1790639798.760 99725953 1321396 2921653 278 49152 1884160 0 10916 15574
1790639799.813 99727208 1321396 2933506 278 49152 1884160 0 10958 15637
1790639800.869 99728665 1321396 2944818 278 49152 1884160 0 10999 15700
1790639801.955 101209264 1321396 2955927 278 49152 1884160 0 11037 15761
1790639803.011 101210033 1321396 2967893 278 49152 1884160 0 11079 15824
1790639804.061 101210783 1321396 2979843 278 49152 1884160 0 11118 15890
1790639805.113 101212356 1395825 2991349 288 49152 1978368 0 11182 15956
1790639806.162 101213909 1395825 3002837 288 49152 1978368 0 11222 16018
1790639807.213 101215054 1395825 3014584 288 49152 1978368 0 11262 16081
1790639808.285 101216278 1395825 3024606 288 49152 1978368 0 11300 16145
1790639809.384 102696431 1395825 3037329 288 49152 1978368 0 11340 16210
1790639810.434 102698825 1395825 3049268 288 49152 1978368 0 11383 16272
1790639811.483 102700610 1395825 3061176 288 49152 1978368 0 11428 16332
1790639812.536 102701763 1470254 3072515 298 49152 2072576 0 11488 16400
1790639813.586 102703680 1470254 3084346 298 49152 2072576 0 11526 16467
1790639814.651 102704819 1470254 3096287 298 49152 2072576 0 11570 16530
1790639815.740 104186398 1470254 3106810 298 49152 2072576 0 11608 16588
1790639816.790 104186997 1470254 3118789 298 49152 2072576 0 11653 16648
1790639817.841 104187475 1470254 3130787 298 49152 2072576 0 11695 16711
1790639818.892 104189114 1544683 3142297 308 49152 2166784 0 11760 16776
1790639819.944 104190405 1544683 3154029 308 49152 2166784 0 11798 16842
1790639820.994 104190702 1544683 3165677 308 49152 2166784 0 11841 16902
1790639822.055 104194172 1544683 3175402 308 49152 2166784 0 11876 16964
1790639823.145 105675451 1544683 3188286 308 49152 2166784 0 11917 17028
1790639824.199 105676099 1544683 3200297 308 49152 2166784 0 11959 17091
1790639825.250 105677266 1544683 3212270 308 49152 2166784 0 12003 17152
1790639826.301 105679313 1619109 3223366 318 49152 2260992 0 12068 17214
1790639827.356 105680821 1619109 3235231 318 49152 2260992 0 12110 17278
1790639828.424 105681800 1619109 3246673 318 49152 2260992 0 12154 17339
1790639829.518 107163112 1619109 3257710 318 49152 2260992 0 12193 17397
1790639830.569 107164191 1619109 3269685 318 49152 2260992 0 12234 17461
1790639831.620 107165005 1619109 3281610 318 49152 2260992 0 12276 17524
1790639832.671 107166584 1693535 3293002 328 49152 2355200 0 12345 17584
1790639833.721 107168249 1693535 3304806 328 49152 2355200 0 12383 17650
1790639834.773 107168882 1693535 3316545 328 49152 2355200 0 12419 17719
1790639835.833 107171041 1693535 3326067 328 49152 2355200 0 12456 17779
1790639836.934 108651970 1693535 3338692 328 49152 2355200 0 12498 17841
1790639837.983 108660358 1693535 3350652 328 49152 2355200 0 12538 17905
1790639839.035 108664133 1693535 3362619 328 49152 2355200 0 12580 17968
1790639840.092 108665533 1772057 3374058 339 49152 2449408 0 12645 18033
1790639841.143 108666373 1772057 3385677 339 49152 2449408 0 12683 18097
1790639842.205 108667717 1772057 3397545 339 49152 2449408 0 12725 18162
1790639843.293 110150702 1772057 3408372 339 49152 2449408 0 12763 18223
1790639844.344 110152028 1772057 3420364 339 49152 2449408 0 12804 18287
1790639845.396 110153731 1772057 3432372 339 49152 2449408 0 12848 18347
1790639846.440 110155048 1846483 3443752 349 49152 2543616 0 12916 18408
1790639847.495 110156313 1846483 3455482 349 49152 2543616 0 12955 18473
1790639848.545 110157032 1846483 3467336 349 49152 2543616 0 12995 18538
1790639849.610 110158392 1846483 3477300 349 49152 2543616 0 13031 18602
1790639850.699 111638836 1846483 3489677 349 49152 2543616 0 13070 18665
1790639851.750 111639876 1846483 3501406 349 49152 2543616 0 13111 18728
1790639852.801 111640459 1846483 3513364 349 49152 2543616 0 13153 18791
1790639853.852 111641907 1920909 3524726 359 49152 2637824 0 13219 18853
1790639854.903 111643627 1920909 3536543 359 49152 2637824 0 13256 18921
1790639855.961 111644719 1920909 3548202 359 49152 2637824 0 13297 18983
1790639857.022 113125122 1920909 3558575 359 49152 2637824 0 13333 19044
1790639858.073 113125846 1920909 3570562 359 49152 2637824 0 13375 19107
1790639859.125 113127025 1920909 3582519 359 49152 2637824 0 13418 19169
1790639860.168 113129954 1995335 3593950 369 49152 2732032 0 13483 19232
1790639861.223 113132123 1995335 3605409 369 49152 2732032 0 13521 19296
1790639862.273 113132943 1995335 3617278 369 49152 2732032 0 13564 19358
1790639863.339 113134442 1995335 3627234 369 49152 2732032 0 13601 19420
1790639864.425 114614802 1995335 3639796 369 49152 2732032 0 13643 19483
1790639865.477 114615810 1995335 3651779 369 49152 2732032 0 13687 19544
1790639866.528 114616693 1995335 3663710 369 49152 2732032 0 13727 19608
1790639867.578 114617911 2069761 3675086 379 49152 2826240 0 13796 19668
1790639868.630 114620253 2069761 3686950 379 49152 2826240 0 13835 19734
1790639869.682 114620901 2069761 3698774 379 49152 2826240 0 13875 19797
1790639870.733 116104844 2069761 3709169 379 49152 2826240 0 13910 19861
1790639871.784 116105692 2069761 3720928 379 49152 2826240 0 13955 19920
1790639872.837 116106275 2069761 3732980 379 49152 2826240 0 13999 19981
1790639873.895 116107903 2144187 3744568 389 49152 2920448 0 14067 20042
1790639874.949 116109755 2144187 3756281 389 49152 2920448 0 14105 20108
1790639876.000 116111045 2144187 3768147 389 49152 2920448 0 14146 20172
1790639877.063 116112090 2144187 3777931 389 49152 2920448 0 14180 20239
1790639878.157 117594515 2144187 3790707 389 49152 2920448 0 14223 20302
1790639879.208 117595148 2144187 3802655 389 49152 2920448 0 14265 20364
