# pid 21495  clk_tck=
# t rchar wchar syscr syscw read_bytes write_bytes cancelled_write_bytes utime stime
1790639939.848 130198958 2516402 4483740 439 49152 3399680 0 16731 23990
1790639940.902 130199251 2516402 4495713 439 49152 3399680 0 16776 24050
1790639941.953 130200683 2516402 4507639 439 49152 3399680 0 16818 24114
1790639943.004 130212974 2516402 4519383 439 49152 3399680 0 16858 24178
1790639944.055 130231172 2516402 4531330 439 49152 3399680 0 16900 24241
1790639945.106 130231805 2516402 4543316 439 49152 3399680 0 16947 24299
1790639946.157 130233157 2516402 4555290 439 49152 3399680 0 16990 24361
1790639947.207 130933158 2516402 4567027 439 49152 3399680 0 17030 24426
1790639948.260 131059595 2516402 4578969 439 49152 3399680 0 17071 24490
1790639949.311 131060228 2516402 4590949 439 49152 3399680 0 17114 24552
1790639950.362 131140880 2516402 4602913 439 49152 3399680 0 17158 24613
1790639951.413 131620955 2516402 4614782 439 49152 3399680 0 17201 24675
1790639952.463 132271912 2517426 4626412 441 49152 3416064 0 17242 24738
1790639953.514 132863400 3238322 4632555 452 78848 4182016 0 17291 24775
1790639954.564 134086715 3877298 4637734 488 169984 4988928 0 17344 24805
1790639955.614 135259703 4663730 4642811 516 169984 5906432 0 17399 24836
1790639956.662 136220072 5384626 4647471 535 268288 6668288 0 17452 24863
1790639957.710 137338644 6187442 4652687 551 268288 7540736 0 17512 24893
1790639958.764 138434332 6973874 4657972 563 268288 8376320 0 17575 24924
1790639959.815 138529089 7104946 4669266 565 268288 8515584 0 17619 24983
1790639960.866 138529640 7104946 4681244 565 268288 8515584 0 17663 25044
1790639961.915 138530368 7104946 4693167 565 268288 8515584 0 17707 25105
1790639962.974 138530891 7104946 4705211 565 268288 8515584 0 17748 25170
1790639964.026 139131337 7104946 4716979 565 268288 8515584 0 17790 25232
1790639965.077 139152450 7104946 4728942 565 268288 8515584 0 17833 25295
1790639966.128 139154334 7104946 4740915 565 268288 8515584 0 17875 25357
1790639967.179 139155365 7104946 4752824 565 268288 8515584 0 17917 25421
1790639968.231 139156455 7104946 4764808 565 268288 8515584 0 17959 25484
1790639969.281 139157088 7104946 4776777 565 268288 8515584 0 18000 25547
1790639970.333 139158282 7104946 4788754 565 268288 8515584 0 18043 25609
1790639971.384 139158755 7104946 4800730 565 268288 8515584 0 18087 25670
1790639972.435 139159652 7104946 4812640 565 268288 8515584 0 18130 25733
1790639973.485 139160776 7104946 4824611 565 268288 8515584 0 18173 25795
1790639974.536 139172047 7170356 4835805 573 268288 8597504 0 18239 25857
1790639975.588 139174270 7170356 4847648 573 268288 8597504 0 18282 25919
1790639976.647 139175359 7170356 4859285 573 268288 8597504 0 18324 25980
1790639977.700 140651082 7170356 4869628 573 268288 8597504 0 18358 26042
1790639978.751 140652457 7170356 4881598 573 268288 8597504 0 18399 26106
1790639979.803 140653825 7170356 4893581 573 268288 8597504 0 18443 26167
1790639980.854 140654548 7170356 4905559 573 268288 8597504 0 18485 26230
1790639981.906 140655122 7170356 4917493 573 268288 8597504 0 18528 26292
1790639982.956 140656023 7170356 4929477 573 268288 8597504 0 18571 26354
1790639984.010 140658540 7170356 4941469 573 268288 8597504 0 18611 26419
1790639985.061 140660180 7170356 4953451 573 268288 8597504 0 18652 26483
1790639986.110 140661274 7170356 4965412 573 268288 8597504 0 18696 26545
1790639987.167 140662779 7170356 4977315 573 268288 8597504 0 18738 26607
1790639988.218 140663999 7170356 4989270 573 268288 8597504 0 18780 26671
1790639989.267 140664914 7170356 5001229 573 268288 8597504 0 18818 26738
1790639990.320 140665562 7170356 5013201 573 268288 8597504 0 18860 26801
1790639991.371 140666293 7170356 5025162 573 268288 8597504 0 18901 26864
1790639992.422 140667310 7170356 5037068 573 268288 8597504 0 18943 26927
1790639993.474 140668434 7170356 5049042 573 268288 8597504 0 18984 26991
1790639994.524 140669187 7170356 5061020 573 268288 8597504 0 19026 27055
1790639995.576 140671855 7170356 5072988 573 268288 8597504 0 19069 27116
1790639996.628 140677488 7170356 5084958 573 268288 8597504 0 19111 27180
1790639997.680 140678272 7170356 5096882 573 268288 8597504 0 19150 27246
1790639998.731 140679113 7170356 5108869 573 268288 8597504 0 19190 27310
1790639999.782 140881215 7170356 5120514 573 268288 8597504 0 19232 27373
1790640000.834 140887062 7170356 5132485 573 268288 8597504 0 19277 27433
1790640001.893 140896516 7170356 5144417 573 268288 8597504 0 19321 27496
1790640002.956 141134874 7170356 5155695 573 268288 8597504 0 19360 27561
1790640004.044 142532114 7170356 5166961 573 268288 8597504 0 19401 27622
1790640005.095 142536439 7170356 5178925 573 268288 8597504 0 19443 27685
1790640006.144 142606403 7170356 5190888 573 268288 8597504 0 19485 27748
1790640007.196 142608855 7170356 5202790 573 268288 8597504 0 19526 27812
1790640008.247 142623516 7235765 5213971 581 268288 8679424 0 19591 27875
1790640009.298 142625697 7235765 5225813 581 268288 8679424 0 19627 27943
1790640010.349 142626759 7235765 5237576 581 268288 8679424 0 19669 28006
1790640011.411 142628680 7235765 5247257 581 268288 8679424 0 19707 28067
1790640012.498 144103570 7235765 5259865 581 268288 8679424 0 19751 28126
1790640013.550 144104766 7235765 5271851 581 268288 8679424 0 19791 28192
1790640014.601 144106071 7235765 5283822 581 268288 8679424 0 19834 28254
1790640015.653 144107507 7235765 5295794 581 268288 8679424 0 19875 28318
1790640016.703 144112976 7235765 5307728 581 268288 8679424 0 19918 28379
1790640017.758 144120632 7235765 5319649 581 268288 8679424 0 19962 28441
1790640018.809 144123439 7235765 5331628 581 268288 8679424 0 20003 28504
1790640019.883 144138891 7235765 5340661 581 268288 8679424 0 20039 28561
1790640020.958 145525042 7235765 5353466 581 268288 8679424 0 20081 28626
1790640022.009 145594463 7235765 5365406 581 268288 8679424 0 20125 28686
1790640023.061 145597106 7235765 5377392 581 268288 8679424 0 20170 28747
1790640024.112 145598000 7235765 5389378 581 268288 8679424 0 20212 28810
1790640025.163 145598633 7235765 5401355 581 268288 8679424 0 20253 28874
1790640026.227 145601585 7235765 5412772 581 268288 8679424 0 20293 28940
1790640027.323 146998044 7235765 5424021 581 268288 8679424 0 20331 29001
1790640028.374 146999018 7235765 5435991 581 268288 8679424 0 20371 29066
1790640029.435 148395317 7235765 5445919 581 268288 8679424 0 20406 29128
1790640030.485 148396084 7235765 5457884 581 268288 8679424 0 20446 29193
1790640031.539 148399798 7235765 5469856 581 268288 8679424 0 20486 29259
1790640032.596 148414600 7235765 5481756 581 268288 8679424 0 20529 29321
1790640033.652 148418457 7235765 5493703 581 268288 8679424 0 20574 29381
1790640034.701 148421325 7235765 5505602 581 268288 8679424 0 20616 29444
1790640035.754 148425967 7235765 5517559 581 268288 8679424 0 20656 29509
1790640036.805 148426380 7235765 5529504 581 268288 8679424 0 20702 29568
1790640037.855 148445102 7235765 5539013 581 268288 8679424 0 20735 29631
1790640038.911 149826213 7235765 5551652 581 268288 8679424 0 20777 29695
1790640039.962 149826861 7235765 5563623 581 268288 8679424 0 20819 29758
1790640041.013 149827922 7235765 5575588 581 268288 8679424 0 20858 29824
1790640042.073 149839582 7243957 5587060 582 268288 8712192 0 20916 29885
1790640043.161 149841160 7301174 5598946 589 268288 8761344 0 20970 29947
1790640044.212 149842428 7301174 5610787 589 268288 8761344 0 21010 30013
1790640045.281 149843811 7301174 5621362 589 268288 8761344 0 21051 30074
1790640046.361 151319851 7301174 5633324 589 268288 8761344 0 21091 30137
1790640047.408 151320998 7301174 5645007 589 268288 8761344 0 21132 30198
1790640048.461 151322321 7301174 5656978 589 268288 8761344 0 21175 30260
1790640049.512 151323139 7301174 5668952 589 268288 8761344 0 21219 30321
1790640050.562 151324392 7301174 5680903 589 268288 8761344 0 21260 30385
1790640051.614 151325420 7301174 5692901 589 268288 8761344 0 21301 30449
1790640052.665 151326517 7301174 5704814 589 268288 8761344 0 21345 30511
1790640053.716 151327767 7301174 5716771 589 268288 8761344 0 21387 30574
1790640054.767 151328400 7301174 5728748 589 268288 8761344 0 21431 30634
1790640055.818 151329048 7301174 5740728 589 268288 8761344 0 21475 30695
1790640056.870 151329401 7301174 5752716 589 268288 8761344 0 21516 30760
1790640057.921 151331448 7301174 5764624 589 268288 8761344 0 21560 30821
1790640058.971 151333590 7301174 5776571 589 268288 8761344 0 21603 30882
1790640060.023 151334614 7301174 5788549 589 268288 8761344 0 21643 30947
1790640061.074 151335317 7301174 5800543 589 268288 8761344 0 21688 31008
1790640062.125 151337387 7301174 5812468 589 268288 8761344 0 21729 31072
1790640063.176 151338762 7301174 5824418 589 268288 8761344 0 21774 31132
1790640064.225 151339640 7301174 5836405 589 268288 8761344 0 21818 31192
1790640065.280 151351824 7301174 5848314 589 268288 8761344 0 21861 31255
1790640066.333 151362263 7301174 5860236 589 268288 8761344 0 21903 31318
1790640067.383 151368615 7301174 5872111 589 268288 8761344 0 21943 31383
1790640068.444 151378236 7301174 5884142 589 268288 8761344 0 21988 31443
1790640069.496 151386460 7301174 5896084 589 268288 8761344 0 22032 31505
1790640070.546 151388023 7301174 5908047 589 268288 8761344 0 22069 31573
1790640071.598 151392605 7301174 5920012 589 268288 8761344 0 22109 31637
1790640072.650 151396600 7301174 5931930 589 268288 8761344 0 22150 31702
1790640073.701 151397954 7301174 5943899 589 268288 8761344 0 22192 31764
1790640074.752 151400909 7301174 5955867 589 268288 8761344 0 22234 31827
1790640075.803 151401623 7301174 5967845 589 268288 8761344 0 22278 31889
1790640076.854 151413826 7366575 5978976 597 268288 8843264 0 22344 31950
1790640077.905 151416239 7366575 5990562 597 268288 8843264 0 22384 32014
1790640078.955 151417178 7366575 6002370 597 268288 8843264 0 22427 32075
1790640080.004 152892577 7366575 6012439 597 268288 8843264 0 22463 32133
1790640081.054 152893316 7366575 6024409 597 268288 8843264 0 22503 32197
1790640082.105 152894100 7366575 6036322 597 268288 8843264 0 22547 32258
1790640083.168 152895816 7366575 6048358 597 268288 8843264 0 22590 32321
1790640084.219 152897847 7366575 6060302 597 268288 8843264 0 22630 32386
1790640085.269 152898480 7366575 6072269 597 268288 8843264 0 22673 32448
1790640086.321 152900312 7366575 6084218 597 268288 8843264 0 22715 32511
1790640087.373 152901211 7366575 6096142 597 268288 8843264 0 22756 32575
1790640088.424 152902168 7366575 6108110 597 268288 8843264 0 22800 32636
1790640089.474 152902748 7366575 6120069 597 268288 8843264 0 22844 32697
1790640090.525 152903581 7366575 6132039 597 268288 8843264 0 22888 32758
1790640091.578 152904779 7366575 6144015 597 268288 8843264 0 22931 32820
1790640092.629 152905782 7366575 6155920 597 268288 8843264 0 22975 32882
1790640093.680 152906906 7366575 6167886 597 268288 8843264 0 23015 32946
1790640094.729 152908205 7366575 6179824 597 268288 8843264 0 23058 33008
1790640095.781 152908913 7366575 6191774 597 268288 8843264 0 23101 33069
1790640096.832 152910216 7366575 6203740 597 268288 8843264 0 23145 33131
