# pid 21495  clk_tck=
# t rchar wchar syscr syscw read_bytes write_bytes cancelled_write_bytes utime stime
1790640124.335 156232351 7503236 6514810 615 268288 9011200 0 24272 34779
1790640125.384 156232880 7503236 6526788 615 268288 9011200 0 24317 34839
1790640126.437 156245877 7503236 6538550 615 268288 9011200 0 24361 34901
1790640127.487 156264592 7503236 6550383 615 268288 9011200 0 24401 34966
1790640128.539 156265915 7503236 6562357 615 268288 9011200 0 24442 35029
1790640129.590 156269067 7503236 6574317 615 268288 9011200 0 24483 35093
1790640130.641 156811872 7503748 6586067 616 268288 9023488 0 24525 35155
1790640131.692 156892610 7503748 6598021 616 268288 9023488 0 24567 35218
1790640132.743 156894280 7503748 6609914 616 268288 9023488 0 24609 35282
1790640133.794 157375899 7503748 6621776 616 268288 9023488 0 24651 35344
1790640134.844 158013988 7506308 6633391 621 268288 9048064 0 24693 35405
1790640135.898 158043488 7768452 6643191 625 268288 9396224 0 24738 35457
1790640136.949 159370273 8554884 6648641 649 268288 10211328 0 24795 35490
1790640138.001 160425399 9193860 6653784 682 268288 10985472 0 24852 35519
1790640139.053 161489282 10078596 6658704 709 268288 11984896 0 24909 35545
1790640140.104 162643506 10865028 6664001 725 268288 12836864 0 24971 35575
1790640141.151 163777117 11700612 6669282 739 268288 13729792 0 25033 35605
1790640142.210 164271235 12093828 6678205 745 268288 14147584 0 25081 35657
1790640143.261 164272058 12093828 6690113 745 268288 14147584 0 25121 35722
1790640144.312 164272714 12093828 6702086 745 268288 14147584 0 25165 35783
1790640145.363 164273415 12093828 6714058 745 268288 14147584 0 25209 35844
1790640146.415 164274630 12093828 6726034 745 268288 14147584 0 25252 35906
1790640147.466 164296144 12093828 6737950 745 268288 14147584 0 25293 35970
1790640148.519 164297109 12093828 6749923 745 268288 14147584 0 25333 36035
1790640149.570 164297935 12093828 6761895 745 268288 14147584 0 25374 36099
1790640150.621 164298406 12093828 6773874 745 268288 14147584 0 25418 36160
1790640151.673 164299634 12093828 6785853 745 268288 14147584 0 25459 36224
1790640152.723 164300367 12093828 6797760 745 268288 14147584 0 25503 36286
1790640153.775 164301499 12093828 6809730 745 268288 14147584 0 25543 36350
1790640154.826 164302686 12093828 6821696 745 268288 14147584 0 25586 36413
1790640155.877 164303402 12093828 6833670 745 268288 14147584 0 25629 36474
1790640156.928 164305404 12093828 6845628 745 268288 14147584 0 25671 36537
1790640157.979 164308125 12093828 6857523 745 268288 14147584 0 25714 36599
1790640159.029 164309660 12093828 6869475 745 268288 14147584 0 25756 36662
1790640160.080 164310316 12093828 6881456 745 268288 14147584 0 25798 36725
1790640161.130 164311253 12093828 6893402 745 268288 14147584 0 25840 36788
1790640162.184 164320289 12093828 6905347 745 268288 14147584 0 25883 36850
1790640163.235 164324254 12093828 6917240 745 268288 14147584 0 25923 36915
1790640164.287 164327466 12093828 6929207 745 268288 14147584 0 25964 36979
1790640165.341 164330351 12093828 6941188 745 268288 14147584 0 26004 37044
