# pid 21495  clk_tck=
# t rchar wchar syscr syscw read_bytes write_bytes cancelled_write_bytes utime stime
1790640192.776 168853549 12292380 7248407 771 268288 14401536 0 27146 38679
1790640193.833 168855831 12292380 7260370 771 268288 14401536 0 27187 38743
1790640194.885 168868774 12292380 7272115 771 268288 14401536 0 27227 38808
1790640195.936 168888232 12292380 7284047 771 268288 14401536 0 27270 38870
1790640196.988 168888997 12292380 7296016 771 268288 14401536 0 27312 38933
1790640198.040 168889981 12292380 7307917 771 268288 14401536 0 27354 38996
1790640199.091 169410276 12292380 7319769 771 268288 14401536 0 27397 39059
1790640200.143 169453036 12292380 7331721 771 268288 14401536 0 27437 39124
1790640201.194 169453337 12292380 7343700 771 268288 14401536 0 27477 39189
1790640202.246 169933619 12292380 7355584 771 268288 14401536 0 27520 39251
1790640203.299 170033692 12295452 7367172 777 268288 14434304 0 27563 39310
1790640204.346 170045216 12754204 7376064 784 268288 14921728 0 27612 39356
1790640205.398 171587396 13376796 7381681 807 268288 15638528 0 27670 39388
1790640206.452 172609326 14048540 7386829 840 268288 16482304 0 27724 39419
1790640207.504 173636352 14966044 7391696 867 268288 17473536 0 27780 39448
1790640208.547 174791249 15752476 7396942 883 268288 18329600 0 27840 39477
1790640209.602 175905309 16555292 7402224 896 268288 19185664 0 27903 39508
1790640210.657 176271870 16882972 7411772 901 268288 19533824 0 27951 39560
1790640211.708 176272880 16882972 7423720 901 268288 19533824 0 27992 39624
1790640212.771 176273551 16882972 7435736 901 268288 19533824 0 28036 39686
1790640213.823 176274815 16882972 7447692 901 268288 19533824 0 28081 39747
1790640214.878 176276068 16882972 7459683 901 268288 19533824 0 28121 39812
1790640215.931 176276784 16882972 7471626 901 268288 19533824 0 28163 39876
1790640216.984 176277463 16882972 7483581 901 268288 19533824 0 28204 39940
1790640218.037 176278375 16882972 7495488 901 268288 19533824 0 28249 39999
1790640219.088 176279808 16882972 7507420 901 268288 19533824 0 28292 40062
1790640220.140 176280584 16882972 7519375 901 268288 19533824 0 28336 40123
1790640221.191 176281017 16882972 7531345 901 268288 19533824 0 28375 40189
1790640222.243 176287201 16882972 7543301 901 268288 19533824 0 28415 40254
1790640223.293 176288694 16882972 7555181 901 268288 19533824 0 28456 40317
1790640224.345 176289350 16882972 7567161 901 268288 19533824 0 28498 40381
1790640225.399 176289821 16882972 7579152 901 268288 19533824 0 28539 40445
1790640226.450 176290590 16882972 7591128 901 268288 19533824 0 28581 40508
1790640227.502 176292062 16882972 7603094 901 268288 19533824 0 28625 40569
1790640228.562 176295627 16882972 7612726 901 268288 19533824 0 28660 40632
1790640229.659 177692144 16882972 7625682 901 268288 19533824 0 28704 40696
1790640230.710 178178222 16882972 7637857 901 268288 19533824 0 28746 40758
1790640231.763 178180903 16882972 7649825 901 268288 19533824 0 28789 40820
1790640232.814 178182953 16882972 7661805 901 268288 19533824 0 28833 40882
1790640233.886 178184251 16882972 7673914 901 268288 19533824 0 28876 40946
