# pid 21495  clk_tck=
# t rchar wchar syscr syscw read_bytes write_bytes cancelled_write_bytes utime stime
1790640261.250 184209692 17081413 7979237 927 268288 19787776 0 29999 42588
1790640262.302 184210862 17081413 7991199 927 268288 19787776 0 30041 42651
1790640263.353 184224011 17081413 8002856 927 268288 19787776 0 30082 42714
1790640264.404 184226175 17081413 8014805 927 268288 19787776 0 30125 42776
1790640265.456 184226706 17081413 8026770 927 268288 19787776 0 30168 42838
1790640266.507 184228185 17081413 8038716 927 268288 19787776 0 30212 42900
1790640267.558 184609063 17081413 8050583 927 268288 19787776 0 30251 42966
1790640268.609 184670292 17081413 8062457 927 268288 19787776 0 30294 43028
1790640269.661 184671118 17081413 8074416 927 268288 19787776 0 30336 43090
1790640270.713 185031944 17081413 8086281 927 268288 19787776 0 30377 43154
1790640271.763 185111902 17084485 8097966 933 268288 19820544 0 30416 43218
1790640272.814 185121917 17477701 8107277 939 268288 20238336 0 30462 43269
1790640273.868 186608649 18133061 8112817 961 268288 20987904 0 30520 43302
1790640274.920 187629930 18804805 8117945 995 268288 21798912 0 30576 43332
1790640275.971 188695252 19755077 8122756 1023 268288 22863872 0 30629 43361
1790640277.023 189849437 20492357 8128087 1038 268288 23715840 0 30689 43392
1790640278.077 190981265 21344325 8133388 1052 268288 24571904 0 30754 43422
1790640279.148 191348792 21672005 8142928 1057 268288 24920064 0 30803 43474
1790640280.199 191349448 21672005 8154887 1057 268288 24920064 0 30843 43539
1790640281.250 191351012 21672005 8166825 1057 268288 24920064 0 30886 43601
1790640282.301 191353440 21672005 8178762 1057 268288 24920064 0 30926 43666
1790640283.352 191354507 21672005 8190664 1057 268288 24920064 0 30963 43734
1790640284.405 191355163 21672005 8202619 1057 268288 24920064 0 31005 43797
1790640285.456 191356726 21672005 8214558 1057 268288 24920064 0 31050 43857
1790640286.507 191357495 21672005 8226521 1057 268288 24920064 0 31088 43924
1790640287.558 191358865 21672005 8238460 1057 268288 24920064 0 31125 43992
1790640288.608 191360010 21672005 8250403 1057 268288 24920064 0 31167 44055
1790640289.667 191360968 21672005 8262370 1057 268288 24920064 0 31209 44119
1790640290.719 191361505 21672005 8274324 1057 268288 24920064 0 31250 44183
1790640291.771 191362693 21672005 8286278 1057 268288 24920064 0 31294 44243
1790640292.822 191363738 21672005 8298220 1057 268288 24920064 0 31336 44307
1790640293.873 191365170 21672005 8310105 1057 268288 24920064 0 31376 44371
1790640294.925 191366015 21672005 8322064 1057 268288 24920064 0 31417 44436
1790640295.974 191366671 21672005 8333982 1057 268288 24920064 0 31460 44498
1790640297.026 191373376 21672005 8345919 1057 268288 24920064 0 31498 44564
1790640298.076 191374168 21672005 8357879 1057 268288 24920064 0 31541 44626
1790640299.128 191375055 21672005 8369764 1057 268288 24920064 0 31579 44693
1790640300.179 191375711 21672005 8381712 1057 268288 24920064 0 31622 44755
1790640301.230 191376072 21672005 8393669 1057 268288 24920064 0 31661 44822
1790640302.280 191378042 21672005 8405616 1057 268288 24920064 0 31703 44884
