# pid 21495  clk_tck=
# t rchar wchar syscr syscw read_bytes write_bytes cancelled_write_bytes utime stime
1790640329.774 195890544 21870389 8712274 1083 268288 25174016 0 32846 46515
1790640330.829 195896060 21870389 8724215 1083 268288 25174016 0 32889 46577
1790640331.881 195909841 21870389 8735952 1083 268288 25174016 0 32930 46641
1790640332.932 195913532 21870389 8747933 1083 268288 25174016 0 32973 46703
1790640333.984 195914784 21870389 8759814 1083 268288 25174016 0 33012 46769
1790640335.035 195915971 21870389 8771761 1083 268288 25174016 0 33053 46832
1790640336.085 196314311 21870389 8783639 1083 268288 25174016 0 33096 46895
1790640337.136 196357040 21870389 8795589 1083 268288 25174016 0 33136 46959
1790640338.187 196357832 21870389 8807562 1083 268288 25174016 0 33180 47020
1790640339.238 196721303 21870389 8819355 1083 268288 25174016 0 33222 47083
1790640340.289 196800809 21873461 8831001 1089 268288 25206784 0 33263 47146
1790640341.330 196849254 22397749 8839697 1097 268288 25763840 0 33308 47195
1790640342.385 198428264 22987573 8845325 1121 268288 26451968 0 33368 47226
1790640343.435 199428117 23659317 8850510 1153 268288 27254784 0 33425 47256
1790640344.492 200455926 24593205 8855286 1180 268288 28303360 0 33479 47284
1790640345.539 201627832 25379637 8860566 1196 268288 29155328 0 33540 47313
1790640346.589 202759755 26198837 8865855 1209 268288 30027776 0 33601 47345
1790640347.643 203036077 26460981 8875806 1213 268288 30306304 0 33648 47399
1790640348.694 203037832 26460981 8887690 1213 268288 30306304 0 33686 47466
1790640349.745 203038658 26460981 8899660 1213 268288 30306304 0 33726 47531
1790640350.795 203039675 26460981 8911611 1213 268288 30306304 0 33767 47595
1790640351.846 203040353 26460981 8923582 1213 268288 30306304 0 33810 47657
1790640352.896 203041464 26460981 8935532 1213 268288 30306304 0 33851 47721
1790640353.947 203044099 26460981 8947395 1213 268288 30306304 0 33895 47782
1790640354.998 203046003 26460981 8959341 1213 268288 30306304 0 33934 47848
1790640356.049 203046893 26460981 8971308 1213 268288 30306304 0 33978 47909
1790640357.100 203047416 26460981 8983279 1213 268288 30306304 0 34021 47971
1790640358.150 203048268 26460981 8995251 1213 268288 30306304 0 34064 48033
1790640359.201 203049155 26460981 9007132 1213 268288 30306304 0 34106 48096
1790640360.251 203049811 26460981 9019096 1213 268288 30306304 0 34147 48160
1790640361.308 203050112 26460981 9031132 1213 268288 30306304 0 34188 48225
1790640362.359 203052034 26460981 9043093 1213 268288 30306304 0 34233 48284
1790640363.409 203052921 26460981 9055044 1213 268288 30306304 0 34273 48349
1790640364.462 203053630 26460981 9066951 1213 268288 30306304 0 34315 48412
1790640365.512 203054048 26460981 9078915 1213 268288 30306304 0 34356 48477
1790640366.563 203056957 26460981 9090868 1213 268288 30306304 0 34397 48540
1790640367.614 203058938 26460981 9102813 1213 268288 30306304 0 34438 48604
1790640368.665 203060311 26460981 9114687 1213 268288 30306304 0 34478 48669
1790640369.715 203060899 26460981 9126647 1213 268288 30306304 0 34522 48730
1790640370.766 203061608 26460981 9138605 1213 268288 30306304 0 34565 48792
