# pid 924  clk_tck=
# t rchar wchar syscr syscw read_bytes write_bytes cancelled_write_bytes utime stime hda_pos
1790648471.235 147684903 14966026 5062830 862 77017088 17133568 0 22336 29242 38501
1790648471.499 147685093 14966026 5065426 862 77017088 17133568 0 22347 29257 38501
1790648471.757 147685670 14966026 5068021 862 77017088 17133568 0 22357 29272 38501
1790648472.017 147686302 14966026 5070630 862 77017088 17133568 0 22367 29288 38501
1790648472.278 147686492 14966026 5073227 862 77017088 17133568 0 22377 29305 38501
1790648472.537 147686772 14966026 5075819 862 77017088 17133568 0 22387 29320 38501
1790648472.813 147686962 14966026 5078515 862 77017088 17133568 0 22398 29336 38501
1790648473.082 147689595 14966026 5081116 862 77017088 17133568 0 22412 29351 38501
1790648473.382 147692157 14966060 5083884 863 77017088 17133568 0 22424 29366 38535
1790648473.645 147693248 14966060 5086511 863 77017088 17133568 0 22434 29382 38535
1790648473.904 147693438 14966060 5089096 863 77017088 17133568 0 22445 29397 38535
1790648474.163 147693628 14966060 5091693 863 77017088 17133568 0 22455 29413 38535
1790648474.430 147697999 14966060 5094137 863 77017088 17133568 0 22465 29429 38535
1790648474.690 147904992 14966060 5096614 863 77017088 17133568 0 22475 29444 38535
1790648474.950 147905280 14966060 5099220 863 77017088 17133568 0 22485 29461 38535
1790648475.211 147926228 14966060 5101790 863 77017088 17133568 0 22494 29477 38535
1790648475.472 148573704 14966060 5102363 863 77672448 17133568 0 22513 29484 38535
1790648475.731 149273075 14966060 5102534 863 77963264 17133568 0 22535 29488 38535
1790648475.992 149786215 14966060 5103488 863 77963264 17133568 0 22554 29495 38535
1790648476.251 149786405 14966060 5106086 863 77963264 17133568 0 22564 29511 38535
1790648476.511 149786825 14966060 5108691 863 77963264 17133568 0 22574 29527 38535
1790648476.770 150432135 14966060 5109055 863 77963264 17133568 0 22594 29532 38535
1790648477.029 151131221 14966060 5109215 863 78487552 17133568 0 22615 29537 38535
1790648477.290 151740707 14966060 5109771 863 79011840 17133568 0 22635 29543 38535
1790648477.552 152314574 14966060 5110427 863 79433728 17133568 0 22654 29550 38535
1790648477.810 152428190 15005996 5112168 865 79440384 17190912 0 22664 29564 38535
1790648478.081 152428550 15005996 5114842 865 79440384 17190912 0 22676 29579 38535
1790648478.340 152428740 15005996 5117442 865 79440384 17190912 0 22687 29594 38535
1790648478.599 152429700 15005996 5120037 865 79440384 17190912 0 22697 29609 38535
1790648478.857 152429950 15005996 5122635 865 79440384 17190912 0 22708 29625 38535
1790648479.118 152430310 15005996 5125229 865 79440384 17190912 0 22718 29640 38535
1790648479.378 152430746 15005996 5127836 865 79440384 17190912 0 22728 29656 38535
1790648479.637 152431587 15005996 5130434 865 79440384 17190912 0 22737 29673 38535
1790648479.907 152431777 15005996 5133122 865 79440384 17190912 0 22747 29689 38535
1790648480.166 152432213 15005996 5135715 865 79440384 17190912 0 22759 29704 38535
1790648480.425 152432403 15005996 5138313 865 79440384 17190912 0 22769 29720 38535
1790648480.684 152432593 15005996 5140914 865 79440384 17190912 0 22780 29735 38535
1790648480.944 152432783 15005996 5143513 865 79440384 17190912 0 22790 29750 38535
1790648481.202 152432973 15005996 5146106 865 79440384 17190912 0 22801 29765 38535
1790648481.461 152433163 15005996 5148703 865 79440384 17190912 0 22813 29779 38535
1790648481.721 152433644 15005996 5151298 865 79440384 17190912 0 22825 29793 38535
1790648481.977 152434004 15005996 5153888 865 79440384 17190912 0 22836 29808 38535
1790648482.241 152434424 15005996 5156493 865 79440384 17190912 0 22847 29823 38535
1790648482.500 152434614 15005996 5159093 865 79440384 17190912 0 22856 29839 38535
1790648482.760 152435559 15005996 5161627 865 79440384 17190912 0 22867 29854 38535
1790648483.019 152436175 15005996 5164218 865 79440384 17190912 0 22877 29870 38535
1790648483.278 152436365 15006652 5166808 866 79440384 17190912 0 22888 29885 39191
1790648483.537 152436608 15006652 5169407 866 79440384 17190912 0 22898 29901 39191
1790648483.796 152437907 15006652 5172002 866 79440384 17190912 0 22909 29916 39191
1790648484.056 152438763 15006652 5174594 866 79440384 17190912 0 22919 29932 39191
1790648484.314 152439331 15006652 5177192 866 79440384 17190912 0 22929 29947 39191
1790648484.575 152439641 15006652 5179792 866 79440384 17190912 0 22940 29963 39191
1790648484.835 152439831 15006652 5182398 866 79440384 17190912 0 22951 29978 39191
1790648485.095 152440021 15006652 5185001 866 79440384 17190912 0 22961 29994 39191
1790648485.355 152440457 15006652 5187595 866 79440384 17190912 0 22972 30008 39191
1790648485.615 152440760 15006652 5190199 866 79440384 17190912 0 22982 30024 39191
1790648485.876 152441358 15006652 5192815 866 79440384 17190912 0 22992 30040 39191
1790648486.135 152441548 15006652 5195409 866 79440384 17190912 0 23002 30056 39191
1790648486.394 152441908 15006652 5198007 866 79440384 17190912 0 23012 30072 39191
1790648486.654 152442098 15006652 5200608 866 79440384 17190912 0 23023 30087 39191
1790648486.913 152442288 15006652 5203204 866 79440384 17190912 0 23033 30102 39191
1790648487.172 152442478 15006652 5205801 866 79440384 17190912 0 23042 30119 39191
1790648487.431 152442838 15006652 5208381 866 79440384 17190912 0 23052 30135 39191
1790648487.691 152443319 15006652 5210928 866 79440384 17190912 0 23062 30151 39191
1790648487.950 152443569 15006652 5213524 866 79440384 17190912 0 23071 30168 39191
1790648488.210 152444049 15006652 5216113 866 79440384 17190912 0 23083 30182 39191
1790648488.471 152444669 15006652 5218728 866 79440384 17190912 0 23093 30197 39191
1790648488.730 152444919 15006652 5221327 866 79440384 17190912 0 23104 30213 39191
1790648488.989 152445109 15006652 5223929 866 79440384 17190912 0 23115 30228 39191
1790648489.250 152445715 15006652 5226537 866 79440384 17190912 0 23126 30242 39191
1790648489.510 152446007 15006652 5229142 866 79440384 17190912 0 23136 30259 39191
1790648489.770 152446548 15006652 5231748 866 79440384 17190912 0 23146 30274 39191
1790648490.030 152446738 15006652 5234356 866 79440384 17190912 0 23157 30290 39191
1790648490.289 152447174 15006652 5236946 866 79440384 17190912 0 23167 30305 39191
1790648490.548 152447496 15006652 5239542 866 79440384 17190912 0 23176 30322 39191
1790648490.807 152447686 15006652 5242140 866 79440384 17190912 0 23188 30336 39191
1790648491.066 152447876 15006652 5244741 866 79440384 17190912 0 23198 30352 39191
1790648491.325 152448186 15006652 5247336 866 79440384 17190912 0 23209 30367 39191
1790648491.584 152448429 15006652 5249932 866 79440384 17190912 0 23220 30381 39191
1790648491.844 152448857 15006652 5252538 866 79440384 17190912 0 23231 30396 39191
1790648492.105 152449387 15006652 5255141 866 79440384 17190912 0 23241 30412 39191
1790648492.364 152449577 15006652 5257740 866 79440384 17190912 0 23252 30427 39191
1790648492.623 152449767 15006652 5260336 866 79440384 17190912 0 23263 30442 39191
1790648492.893 152450127 15006652 5262991 866 79440384 17190912 0 23273 30459 39191
1790648493.153 152450317 15006652 5265595 866 79440384 17190912 0 23284 30474 39191
1790648493.412 152450567 15007312 5268194 867 79440384 17190912 0 23294 30489 39851
1790648493.672 152451306 15007312 5270796 867 79440384 17190912 0 23304 30506 39851
1790648493.931 152451562 15007312 5273397 867 79440384 17190912 0 23314 30521 39851
1790648494.190 152451752 15007312 5275994 867 79440384 17190912 0 23325 30536 39851
1790648494.456 152452308 15007312 5278661 867 79440384 17190912 0 23335 30553 39851
1790648494.717 152452498 15007312 5281263 867 79440384 17190912 0 23345 30569 39851
1790648494.976 152452688 15007312 5283857 867 79440384 17190912 0 23355 30585 39851
1790648495.235 152453124 15007312 5286457 867 79440384 17190912 0 23364 30601 39851
1790648495.495 152453314 15007312 5289050 867 79440384 17190912 0 23376 30616 39851
1790648495.754 152453855 15007312 5291650 867 79440384 17190912 0 23387 30631 39851
1790648496.013 152454275 15007312 5294242 867 79440384 17190912 0 23397 30647 39851
1790648496.280 152454465 15007312 5296926 867 79440384 17190912 0 23406 30664 39851
1790648496.542 152454825 15007312 5299535 867 79440384 17190912 0 23418 30678 39851
1790648496.802 152455015 15007312 5302139 867 79440384 17190912 0 23428 30694 39851
1790648497.061 152455205 15007312 5304737 867 79440384 17190912 0 23439 30709 39851
1790648497.322 152455565 15007312 5307353 867 79440384 17190912 0 23449 30725 39851
1790648497.581 152455808 15007312 5309952 867 79440384 17190912 0 23458 30742 39851
1790648497.841 152456236 15007312 5312501 867 79440384 17190912 0 23469 30757 39851
1790648498.101 152456596 15007312 5315094 867 79440384 17190912 0 23479 30772 39851
1790648498.359 152456786 15007312 5317688 867 79440384 17190912 0 23490 30787 39851
1790648498.617 152457422 15007312 5320284 867 79440384 17190912 0 23501 30803 39851
1790648498.879 152457612 15007312 5322888 867 79440384 17190912 0 23511 30818 39851
1790648499.138 152458074 15007312 5325482 867 79440384 17190912 0 23520 30835 39851
1790648499.397 152458510 15007312 5328080 867 79440384 17190912 0 23532 30849 39851
1790648499.657 152459483 15007312 5330676 867 79440384 17190912 0 23542 30864 39851
1790648499.917 152459673 15007312 5333271 867 79440384 17190912 0 23553 30879 39851
1790648500.177 152460109 15007312 5335872 867 79440384 17190912 0 23564 30895 39851
1790648500.435 152460299 15007312 5338458 867 79440384 17190912 0 23575 30909 39851
1790648500.695 152460489 15007312 5341053 867 79440384 17190912 0 23586 30924 39851
1790648500.953 152460679 15007312 5343645 867 79440384 17190912 0 23596 30940 39851
1790648501.212 152460869 15007312 5346238 867 79440384 17190912 0 23607 30955 39851
1790648501.471 152461059 15007312 5348835 867 79440384 17190912 0 23617 30970 39851
1790648501.731 152461636 15007312 5351425 867 79440384 17190912 0 23629 30985 39851
1790648501.991 152462166 15007312 5354035 867 79440384 17190912 0 23639 31001 39851
1790648502.248 152462356 15007312 5356638 867 79440384 17190912 0 23650 31015 39851
1790648502.511 152462606 15007312 5359229 867 79440384 17190912 0 23661 31030 39851
1790648502.769 152462796 15007312 5361766 867 79440384 17190912 0 23671 31046 39851
1790648503.028 152463156 15007312 5364360 867 79440384 17190912 0 23682 31061 39851
1790648503.287 152463346 15007973 5366952 868 79440384 17190912 0 23693 31076 40512
1790648503.546 152464019 15007973 5369549 868 79440384 17190912 0 23704 31091 40512
1790648503.805 152464567 15007973 5372141 868 79440384 17190912 0 23716 31104 40512
1790648504.065 152464757 15007973 5374732 868 79440384 17190912 0 23728 31118 40512
1790648504.324 152465193 15007973 5377326 868 79440384 17190912 0 23738 31134 40512
1790648504.584 152465383 15007973 5379913 868 79440384 17190912 0 23748 31150 40512
1790648504.844 152465693 15007973 5382516 868 79440384 17190912 0 23759 31165 40512
1790648505.103 152466003 15007973 5385111 868 79440384 17190912 0 23771 31179 40512
1790648505.362 152466439 15007973 5387717 868 79440384 17190912 0 23781 31195 40512
1790648505.621 152467979 15007973 5390354 868 79440384 17190912 0 23791 31211 40512
1790648505.887 152468577 15007973 5392964 868 79440384 17190912 0 23801 31227 40512
1790648506.146 152468767 15007973 5395555 868 79440384 17190912 0 23811 31243 40512
1790648506.405 152469187 15007973 5398151 868 79440384 17190912 0 23821 31259 40512
1790648506.668 152469962 15007973 5400763 868 79440384 17190912 0 23833 31273 40512
1790648506.927 152470152 15007973 5403361 868 79440384 17190912 0 23842 31289 40512
1790648507.186 152470342 15007973 5405952 868 79440384 17190912 0 23853 31305 40512
1790648507.445 152470702 15007973 5408546 868 79440384 17190912 0 23864 31319 40512
1790648507.705 152471183 15007973 5411142 868 79440384 17190912 0 23874 31336 40512
1790648507.985 152471603 15007973 5413903 868 79440384 17190912 0 23885 31353 40512
1790648508.244 152471793 15007973 5416500 868 79440384 17190912 0 23895 31368 40512
1790648508.503 152471983 15007973 5419095 868 79440384 17190912 0 23906 31383 40512
1790648508.764 152472491 15007973 5421698 868 79440384 17190912 0 23917 31398 40512
1790648509.023 152472851 15007973 5424293 868 79440384 17190912 0 23929 31412 40512
1790648509.284 152473353 15007973 5426902 868 79440384 17190912 0 23939 31428 40512
1790648509.543 152473596 15007973 5429503 868 79440384 17190912 0 23949 31444 40512
1790648509.802 152474630 15007973 5432090 868 79440384 17190912 0 23959 31459 40512
1790648510.061 152474820 15007973 5434685 868 79440384 17190912 0 23969 31475 40512
1790648510.320 152475256 15007973 5437280 868 79440384 17190912 0 23980 31490 40512
1790648510.579 152475446 15007973 5439874 868 79440384 17190912 0 23992 31504 40512
1790648510.847 152475636 15007973 5442554 868 79440384 17190912 0 24003 31520 40512
1790648511.107 152475826 15007973 5445158 868 79440384 17190912 0 24012 31537 40512
1790648511.366 152476016 15007973 5447757 868 79440384 17190912 0 24023 31552 40512
1790648511.625 152476259 15007973 5450355 868 79440384 17190912 0 24034 31567 40512
1790648511.884 152476959 15007973 5452948 868 79440384 17190912 0 24044 31583 40512
1790648512.145 152477439 15007973 5455549 868 79440384 17190912 0 24055 31597 40512
1790648512.404 152477629 15007973 5458154 868 79440384 17190912 0 24066 31612 40512
1790648512.673 152477819 15007973 5460836 868 79440384 17190912 0 24077 31628 40512
1790648512.931 152478179 15007973 5463368 868 79440384 17190912 0 24087 31644 40512
1790648513.191 152478369 15007973 5465973 868 79440384 17190912 0 24097 31660 40512
1790648513.450 152478559 15008634 5468575 869 79440384 17190912 0 24107 31675 41173
1790648513.710 152479160 15008634 5471173 869 79440384 17190912 0 24119 31690 41173
1790648513.969 152479896 15008634 5473766 869 79440384 17190912 0 24129 31705 41173
1790648514.229 152480086 15008634 5476365 869 79440384 17190912 0 24140 31720 41173
1790648514.488 152480522 15008634 5478963 869 79440384 17190912 0 24151 31735 41173
1790648514.747 152480712 15008634 5481555 869 79440384 17190912 0 24160 31751 41173
1790648515.006 152481034 15008634 5484155 869 79440384 17190912 0 24171 31766 41173
1790648515.265 152481470 15008634 5486757 869 79440384 17190912 0 24181 31782 41173
1790648515.526 152481833 15008634 5489368 869 79440384 17190912 0 24192 31798 41173
1790648515.785 152482261 15008634 5491966 869 79440384 17190912 0 24202 31813 41173
1790648516.044 152482621 15008634 5494563 869 79440384 17190912 0 24213 31828 41173
1790648516.303 152482811 15008634 5497161 869 79440384 17190912 0 24223 31844 41173
1790648516.562 152483171 15008634 5499758 869 79440384 17190912 0 24234 31859 41173
