# pid 914  clk_tck=
# t rchar wchar syscr syscw read_bytes write_bytes cancelled_write_bytes utime stime hda_pos
1790648881.848 117566977 413904 1822428 175 76202496 704512 0 7913 11151 15393
1790648882.112 117567759 413904 1825022 175 76202496 704512 0 7924 11166 15393
1790648882.372 117568177 413904 1827634 175 76202496 704512 0 7933 11183 15393
1790648882.632 117568425 413904 1830225 175 76202496 704512 0 7945 11197 15393
1790648882.891 117568673 413904 1832813 175 76202496 704512 0 7956 11212 15393
1790648883.149 117569211 413904 1835407 175 76202496 704512 0 7965 11228 15393
1790648883.408 117569459 413904 1838003 175 76202496 704512 0 7976 11244 15393
1790648883.677 117573536 413904 1840659 175 76202496 704512 0 7989 11258 15393
1790648883.969 117580410 413938 1843224 176 76202496 704512 0 8001 11272 15427
1790648884.228 117580658 413938 1845824 176 76202496 704512 0 8012 11287 15427
1790648884.486 117580906 413938 1848418 176 76202496 704512 0 8022 11303 15427
1790648884.745 117581532 413938 1851009 176 76202496 704512 0 8033 11318 15427
1790648885.016 117590636 413938 1853639 176 76202496 704512 0 8045 11333 15427
1790648885.284 117799500 413938 1856140 176 76202496 704512 0 8055 11349 15427
1790648885.544 117800226 413938 1858750 176 76202496 704512 0 8065 11365 15427
1790648885.804 117820986 413938 1861361 176 76202496 704512 0 8075 11381 15427
1790648886.070 118036991 413938 1863292 176 76464640 704512 0 8090 11392 15427
1790648886.331 118736241 413938 1863458 176 77120000 704512 0 8111 11397 15427
1790648886.593 119455487 413938 1863638 176 77148672 704512 0 8134 11400 15427
1790648886.852 119627767 413938 1865812 176 77148672 704512 0 8146 11414 15427
1790648887.110 119628015 413938 1868413 176 77148672 704512 0 8156 11429 15427
1790648887.369 119968743 413938 1869872 176 77148672 704512 0 8171 11440 15427
1790648887.629 120686022 413938 1870039 176 77410816 704512 0 8193 11445 15427
1790648887.891 121367488 413938 1870305 176 78066176 704512 0 8214 11449 15427
1790648888.152 121941362 413938 1870846 176 78590464 704512 0 8233 11456 15427
1790648888.410 122265708 413938 1871773 176 78625792 774144 0 8250 11464 15427
1790648888.671 122272110 741618 1871863 181 78636032 1060864 0 8267 11468 15427
1790648888.929 122278510 1003762 1872312 185 78646784 1339392 0 8281 11475 15427
1790648889.183 122286618 1331442 1872402 190 78660096 1687552 0 8295 11480 15427
1790648889.439 122294644 1528050 1872681 193 78670848 1966080 0 8310 11484 15427
1790648889.694 122301345 1855730 1872774 198 78681088 2244608 0 8325 11489 15427
1790648889.952 122308645 2117874 1873200 202 78691840 2523136 0 8339 11496 15427
1790648890.205 122316581 2380018 1873289 206 78704640 2871296 0 8353 11502 15427
1790648890.461 122323227 2642162 1873384 210 78714880 3149824 0 8365 11507 15427
1790648890.715 122329629 2969842 1873473 215 78725632 3428352 0 8380 11511 15427
1790648890.967 122336089 3231986 1873928 219 78735872 3706880 0 8395 11517 15427
1790648891.225 122342491 3494130 1874010 223 78746112 3985408 0 8412 11520 15427
1790648891.483 122350480 3756274 1874260 227 78759424 4333568 0 8427 11525 15427
1790648891.741 122356978 4083954 1874576 232 78769664 4612096 0 8442 11530 15427
1790648891.996 122382734 4346098 1874757 236 78882304 4890624 0 8458 11535 15427
1790648892.257 122467124 4372722 1877098 240 78884864 4935680 0 8468 11550 15427
1790648892.516 122467372 4372722 1879698 240 78884864 4935680 0 8478 11565 15427
1790648892.774 122558248 4377842 1881792 249 78884864 4972544 0 8487 11578 15427
1790648893.034 122558666 4377842 1884397 249 78884864 4972544 0 8498 11593 15427
1790648893.293 122558914 4377842 1886992 249 78884864 4972544 0 8511 11606 15427
1790648893.550 122560933 4378866 1889427 251 78884864 4980736 0 8520 11621 15427
1790648893.810 122562719 4379890 1891877 253 78884864 4988928 0 8530 11637 16110
1790648894.069 122563205 4380573 1894475 254 78884864 4988928 0 8542 11651 16110
1790648894.328 122563453 4380573 1897079 254 78884864 4988928 0 8552 11666 16110
1790648894.586 122564493 4380573 1899682 254 78884864 4988928 0 8563 11681 16110
1790648894.845 122564741 4380573 1902273 254 78884864 4988928 0 8574 11696 16110
1790648895.104 122565075 4380573 1904876 254 78884864 4988928 0 8586 11710 16110
1790648895.363 122565323 4380573 1907473 254 78884864 4988928 0 8596 11725 16110
1790648895.622 122565870 4380573 1910078 254 78884864 4988928 0 8607 11741 16110
1790648895.881 122566356 4380573 1912679 254 78884864 4988928 0 8617 11756 16110
1790648896.138 122566778 4380573 1915169 254 78884864 4988928 0 8627 11772 16110
1790648896.395 122567086 4380573 1917762 254 78884864 4988928 0 8638 11787 16110
1790648896.656 122567504 4380573 1920363 254 78884864 4988928 0 8649 11801 16110
1790648896.915 122567752 4380573 1922967 254 78884864 4988928 0 8661 11816 16110
1790648897.174 122568000 4380573 1925567 254 78884864 4988928 0 8672 11831 16110
1790648897.433 122568248 4380573 1928171 254 78884864 4988928 0 8683 11845 16110
1790648897.692 122568719 4380573 1930776 254 78884864 4988928 0 8693 11861 16110
1790648897.952 122569205 4380573 1933385 254 78884864 4988928 0 8704 11877 16110
1790648898.211 122569623 4380573 1935979 254 78884864 4988928 0 8714 11892 16110
1790648898.470 122569871 4380573 1938577 254 78884864 4988928 0 8724 11908 16110
1790648898.728 122570179 4380573 1941178 254 78884864 4988928 0 8734 11924 16110
1790648898.987 122570493 4380573 1943778 254 78884864 4988928 0 8746 11938 16110
1790648899.246 122570977 4380573 1946383 254 78884864 4988928 0 8757 11952 16110
1790648899.507 122571278 4380573 1948997 254 78884864 4988928 0 8767 11969 16110
1790648899.766 122571772 4380573 1951593 254 78884864 4988928 0 8778 11983 16110
1790648900.024 122572750 4380573 1954198 254 78884864 4988928 0 8788 11999 16110
1790648900.284 122572998 4380573 1956798 254 78884864 4988928 0 8798 12015 16110
1790648900.543 122573492 4380573 1959401 254 78884864 4988928 0 8809 12030 16110
1790648900.805 122574491 4380573 1962020 254 78884864 4988928 0 8819 12046 16110
1790648901.064 122575355 4380573 1964620 254 78884864 4988928 0 8831 12061 16110
1790648901.342 122575603 4380573 1967357 254 78884864 4988928 0 8842 12077 16110
1790648901.601 122575904 4380573 1969958 254 78884864 4988928 0 8853 12092 16110
1790648901.860 122576903 4380573 1972550 254 78884864 4988928 0 8864 12106 16110
1790648902.119 122577619 4380573 1975151 254 78884864 4988928 0 8874 12122 16110
1790648902.378 122578037 4380573 1977751 254 78884864 4988928 0 8885 12138 16110
1790648902.637 122578285 4380573 1980354 254 78884864 4988928 0 8896 12153 16110
1790648902.896 122578533 4380573 1982952 254 78884864 4988928 0 8906 12168 16110
1790648903.154 122578951 4380573 1985549 254 78884864 4988928 0 8917 12183 16110
1790648903.414 122579199 4380573 1988148 254 78884864 4988928 0 8928 12198 16110
1790648903.673 122579500 4380573 1990751 254 78884864 4988928 0 8938 12214 16110
1790648903.932 122580106 4381258 1993344 255 78884864 4988928 0 8950 12227 16795
1790648904.187 122580354 4381258 1995953 255 78884864 4988928 0 8961 12243 16795
1790648904.450 122580602 4381258 1998551 255 78884864 4988928 0 8971 12259 16795
1790648904.709 122581096 4381258 2001155 255 78884864 4988928 0 8981 12275 16795
1790648904.968 122582032 4381258 2003754 255 78884864 4988928 0 8992 12290 16795
1790648905.227 122582400 4381258 2006351 255 78884864 4988928 0 9002 12305 16795
1790648905.486 122583007 4381258 2008947 255 78884864 4988928 0 9014 12320 16795
1790648905.744 122583357 4381258 2011547 255 78884864 4988928 0 9024 12335 16795
1790648906.005 122584679 4381258 2014138 255 78884864 4988928 0 9035 12350 16795
1790648906.265 122584927 4381258 2016694 255 78884864 4988928 0 9047 12364 16795
1790648906.530 122585345 4381258 2019345 255 78884864 4988928 0 9057 12380 16795
1790648906.789 122585593 4381258 2021944 255 78884864 4988928 0 9067 12396 16795
1790648907.048 122585841 4381258 2024543 255 78884864 4988928 0 9078 12411 16795
1790648907.307 122586089 4381258 2027144 255 78884864 4988928 0 9089 12426 16795
1790648907.567 122586560 4381258 2029759 255 78884864 4988928 0 9100 12441 16795
1790648907.826 122586868 4381258 2032357 255 78884864 4988928 0 9112 12456 16795
1790648908.086 122587474 4381258 2034962 255 78884864 4988928 0 9123 12470 16795
1790648908.351 122587892 4381258 2037617 255 78884864 4988928 0 9134 12486 16795
1790648908.610 122588140 4381258 2040217 255 78884864 4988928 0 9144 12502 16795
1790648908.867 122588388 4381258 2042810 255 78884864 4988928 0 9155 12516 16795
1790648909.128 122588806 4381258 2045418 255 78884864 4988928 0 9165 12532 16795
1790648909.386 122589054 4381258 2048018 255 78884864 4988928 0 9177 12547 16795
1790648909.647 122589601 4381258 2050628 255 78884864 4988928 0 9187 12562 16795
1790648909.906 122590633 4381258 2053216 255 78884864 4988928 0 9197 12578 16795
1790648910.164 122591129 4381258 2055819 255 78884864 4988928 0 9208 12593 16795
1790648910.424 122591623 4381258 2058416 255 78884864 4988928 0 9218 12609 16795
1790648910.683 122591871 4381258 2061021 255 78884864 4988928 0 9229 12624 16795
1790648910.942 122592119 4381258 2063624 255 78884864 4988928 0 9239 12640 16795
1790648911.201 122592487 4381258 2066165 255 78884864 4988928 0 9250 12655 16795
1790648911.460 122592735 4381258 2068764 255 78884864 4988928 0 9261 12669 16795
1790648911.718 122593036 4381258 2071364 255 78884864 4988928 0 9271 12685 16795
1790648911.977 122593692 4381258 2073959 255 78884864 4988928 0 9282 12701 16795
1790648912.236 122594242 4381258 2076553 255 78884864 4988928 0 9293 12715 16795
1790648912.495 122595036 4381258 2079149 255 78884864 4988928 0 9304 12730 16795
1790648912.754 122595284 4381258 2081746 255 78884864 4988928 0 9315 12745 16795
1790648913.013 122595702 4381258 2084347 255 78884864 4988928 0 9327 12759 16795
1790648913.271 122596010 4381258 2086942 255 78884864 4988928 0 9338 12774 16795
1790648913.530 122596311 4381258 2089538 255 78884864 4988928 0 9349 12789 16795
1790648913.789 122596559 4381258 2092139 255 78884864 4988928 0 9359 12804 16795
1790648914.048 122597045 4381945 2094745 256 78884864 4988928 0 9371 12819 17482
1790648914.308 122597293 4381945 2097348 256 78884864 4988928 0 9382 12834 17482
1790648914.566 122598039 4381945 2099948 256 78884864 4988928 0 9392 12849 17482
1790648914.825 122598287 4381945 2102542 256 78884864 4988928 0 9404 12863 17482
1790648915.083 122598535 4381945 2105140 256 78884864 4988928 0 9414 12879 17482
1790648915.343 122598783 4381945 2107741 256 78884864 4988928 0 9424 12895 17482
1790648915.603 122599522 4381945 2110348 256 78884864 4988928 0 9435 12910 17482
1790648915.863 122599830 4381945 2112951 256 78884864 4988928 0 9445 12926 17482
1790648916.134 122601032 4381945 2115581 256 78884864 4988928 0 9456 12941 17482
1790648916.414 122601450 4381945 2118318 256 78884864 4988928 0 9466 12958 17482
1790648916.676 122601698 4381945 2120898 256 78884864 4988928 0 9477 12974 17482
1790648916.934 122601946 4381945 2123497 256 78884864 4988928 0 9487 12989 17482
1790648917.193 122602194 4381945 2126100 256 78884864 4988928 0 9499 13003 17482
1790648917.453 122602612 4381945 2128708 256 78884864 4988928 0 9510 13018 17482
1790648917.712 122602913 4381945 2131295 256 78884864 4988928 0 9520 13033 17482
1790648917.971 122603399 4381945 2133893 256 78884864 4988928 0 9531 13048 17482
1790648918.230 122603817 4381945 2136496 256 78884864 4988928 0 9542 13063 17482
1790648918.488 122604065 4381945 2139092 256 78884864 4988928 0 9553 13078 17482
1790648918.748 122604313 4381945 2141681 256 78884864 4988928 0 9564 13093 17482
1790648919.006 122604561 4381945 2144282 256 78884864 4988928 0 9575 13108 17482
1790648919.265 122604979 4381945 2146877 256 78884864 4988928 0 9586 13123 17482
1790648919.524 122605280 4381945 2149485 256 78884864 4988928 0 9598 13137 17482
1790648919.783 122605774 4381945 2152084 256 78884864 4988928 0 9608 13152 17482
1790648920.043 122606260 4381945 2154688 256 78884864 4988928 0 9619 13168 17482
1790648920.302 122607470 4381945 2157297 256 78884864 4988928 0 9629 13183 17482
1790648920.562 122607964 4381945 2159900 256 78884864 4988928 0 9640 13199 17482
1790648920.821 122608302 4381945 2162498 256 78884864 4988928 0 9649 13215 17482
1790648921.081 122608550 4381945 2165113 256 78884864 4988928 0 9659 13232 17482
1790648921.340 122609158 4381945 2167657 256 78884864 4988928 0 9669 13247 17482
1790648921.598 122609555 4381945 2170261 256 78884864 4988928 0 9680 13262 17482
1790648921.858 122609803 4381945 2172856 256 78884864 4988928 0 9689 13279 17482
1790648922.118 122610629 4381945 2175468 256 78884864 4988928 0 9700 13294 17482
1790648922.377 122610937 4381945 2178066 256 78884864 4988928 0 9711 13309 17482
1790648922.636 122611185 4381945 2180669 256 78884864 4988928 0 9721 13325 17482
1790648922.895 122611523 4381945 2183269 256 78884864 4988928 0 9732 13340 17482
1790648923.154 122611941 4381945 2185876 256 78884864 4988928 0 9743 13355 17482
1790648923.413 122612189 4381945 2188472 256 78884864 4988928 0 9753 13371 17482
1790648923.672 122612490 4381945 2191073 256 78884864 4988928 0 9764 13385 17482
1790648923.931 122612976 4382632 2193673 257 78884864 4988928 0 9775 13400 18169
1790648924.190 122613224 4382632 2196279 257 78884864 4988928 0 9784 13417 18169
1790648924.449 122613472 4382632 2198882 257 78884864 4988928 0 9796 13431 18169
1790648924.708 122614056 4382632 2201482 257 78884864 4988928 0 9807 13447 18169
1790648924.972 122614424 4382632 2204124 257 78884864 4988928 0 9817 13462 18169
1790648925.231 122614964 4382632 2206725 257 78884864 4988928 0 9828 13477 18169
1790648925.491 122615511 4382632 2209324 257 78884864 4988928 0 9839 13492 18169
1790648925.750 122616305 4382632 2211925 257 78884864 4988928 0 9849 13508 18169
1790648926.010 122616961 4382632 2214536 257 78884864 4988928 0 9860 13523 18169
1790648926.268 122617389 4382632 2217051 257 78884864 4988928 0 9871 13538 18169
1790648926.528 122617807 4382632 2219663 257 78884864 4988928 0 9880 13555 18169
1790648926.793 122618145 4382632 2222320 257 78884864 4988928 0 9891 13571 18169
1790648927.052 122618393 4382632 2224918 257 78884864 4988928 0 9901 13586 18169
