# pid 914  clk_tck=
# t rchar wchar syscr syscw read_bytes write_bytes cancelled_write_bytes utime stime hda_pos
1790648942.000 125684228 4528558 2379399 277 78884864 5169152 0 10541 14473 18857
1790648942.267 125684712 4528558 2382004 277 78884864 5169152 0 10552 14488 18857
1790648942.527 125684960 4528558 2384591 277 78884864 5169152 0 10564 14502 18857
1790648942.786 125685208 4528558 2387182 277 78884864 5169152 0 10576 14516 18857
1790648943.046 125685626 4528558 2389770 277 78884864 5169152 0 10587 14530 18857
1790648943.305 125685874 4528558 2392355 277 78884864 5169152 0 10597 14546 18857
1790648943.564 125686175 4528558 2394947 277 78884864 5169152 0 10607 14562 18857
1790648943.835 125690067 4529246 2397611 278 78884864 5169152 0 10618 14580 19545
1790648944.149 125697007 4529280 2400526 279 78884864 5169152 0 10630 14596 19579
1790648944.409 125697255 4529280 2403124 279 78884864 5169152 0 10641 14611 19579
1790648944.668 125697749 4529280 2405712 279 78884864 5169152 0 10652 14626 19579
1790648944.927 125697997 4529280 2408293 279 78884864 5169152 0 10663 14641 19579
1790648945.191 125706895 4529280 2410764 279 78884864 5169152 0 10673 14657 19579
1790648945.479 125710574 4529280 2413560 279 78884864 5169152 0 10684 14673 19579
1790648945.737 125711033 4529280 2416152 279 78884864 5169152 0 10696 14688 19579
1790648945.998 125711809 4529280 2418744 279 78884864 5169152 0 10708 14702 19579
1790648946.259 126411370 4529280 2418983 279 78884864 5169152 0 10730 14706 19579
1790648946.520 127110668 4529280 2419138 279 78884864 5169152 0 10752 14710 19579
1790648946.779 127451804 4529280 2420592 279 78884864 5169152 0 10767 14721 19579
1790648947.039 127452681 4529280 2423184 279 78884864 5169152 0 10778 14735 19579
1790648947.298 127650049 4529280 2425120 279 78884864 5169152 0 10792 14747 19579
1790648947.558 128349400 4529280 2425275 279 78884864 5169152 0 10813 14752 19579
1790648947.817 129066448 4529280 2425433 279 78884864 5169152 0 10836 14754 19579
1790648948.077 129622454 4529280 2426122 279 78884864 5169152 0 10855 14761 19579
1790648948.337 130090874 4529280 2427116 279 78884864 5169152 0 10872 14771 19579
1790648948.596 130097274 4791424 2427211 283 78889984 5455872 0 10888 14775 19579
1790648948.854 130103674 5053568 2427293 287 78900224 5734400 0 10903 14779 19579
1790648949.110 130111612 5381248 2427385 292 78913024 6082560 0 10917 14783 19579
1790648949.367 130118182 5643392 2427901 296 78923264 6361088 0 10933 14789 19579
1790648949.625 130124881 5905536 2427995 300 78933504 6639616 0 10947 14796 19579
1790648949.885 130131281 6167680 2428262 304 78943744 6918144 0 10962 14801 19579
1790648950.142 130140208 6495360 2428363 309 78956544 7266304 0 10977 14806 19579
1790648950.400 130147270 6757504 2428610 313 78966784 7544832 0 10994 14811 19579
1790648950.650 130155454 7085184 2428702 318 78979584 7892992 0 11009 14815 19579
1790648950.909 130161852 7281792 2429279 321 78989824 8171520 0 11023 14822 19579
1790648951.168 130169003 7543936 2429365 325 79000576 8450048 0 11037 14826 19579
1790648951.424 130175723 7871616 2429652 330 79010816 8728576 0 11052 14831 19579
1790648951.680 130183808 8133760 2429744 334 79023616 9076736 0 11068 14836 19579
1790648951.940 130190446 8395904 2430108 338 79033856 9355264 0 11083 14841 19579
1790648952.199 130233540 8488064 2432099 343 79138816 9400320 0 11094 14854 19579
1790648952.458 130233788 8488064 2434686 343 79138816 9400320 0 11105 14868 19579
1790648952.710 130246330 8490112 2436854 347 79138816 9416704 0 11114 14881 19579
1790648952.969 130277812 8495744 2439204 355 79138816 9449472 0 11125 14894 19579
1790648953.228 130278230 8495744 2441801 355 79138816 9449472 0 11136 14909 19579
1790648953.488 130280129 8496768 2444273 357 79138816 9457664 0 11146 14924 19579
1790648953.747 130281915 8497792 2446750 359 79138816 9465856 0 11155 14940 19579
1790648954.007 130282401 8498473 2449339 360 79138816 9465856 0 11165 14956 20260
1790648954.266 130282649 8498473 2451937 360 79138816 9465856 0 11175 14972 20260
1790648954.526 130282897 8498473 2454533 360 79138816 9465856 0 11187 14986 20260
1790648954.785 130283391 8498473 2457127 360 79138816 9465856 0 11198 15001 20260
1790648955.044 130283639 8498473 2459716 360 79138816 9465856 0 11208 15016 20260
1790648955.304 130284059 8498473 2462313 360 79138816 9465856 0 11219 15032 20260
1790648955.563 130284606 8498473 2464901 360 79138816 9465856 0 11230 15047 20260
1790648955.822 130284854 8498473 2467491 360 79138816 9465856 0 11239 15063 20260
1790648956.081 130285510 8498473 2470085 360 79138816 9465856 0 11250 15078 20260
1790648956.341 130285758 8498473 2472681 360 79138816 9465856 0 11261 15093 20260
1790648956.617 130286360 8498473 2475382 360 79138816 9465856 0 11271 15110 20260
1790648956.877 130286608 8498473 2477969 360 79138816 9465856 0 11282 15125 20260
1790648957.136 130286856 8498473 2480559 360 79138816 9465856 0 11292 15141 20260
1790648957.393 130287236 8498473 2483149 360 79138816 9465856 0 11302 15156 20260
1790648957.654 130287707 8498473 2485738 360 79138816 9465856 0 11312 15172 20260
1790648957.914 130287955 8498473 2488325 360 79138816 9465856 0 11324 15187 20260
1790648958.173 130288611 8498473 2490921 360 79138816 9465856 0 11336 15201 20260
1790648958.432 130288859 8498473 2493506 360 79138816 9465856 0 11346 15216 20260
1790648958.690 130289167 8498473 2496098 360 79138816 9465856 0 11356 15232 20260
1790648958.951 130289415 8498473 2498689 360 79138816 9465856 0 11366 15248 20260
1790648959.210 130289833 8498473 2501283 360 79138816 9465856 0 11377 15263 20260
1790648959.470 130290627 8498473 2503879 360 79138816 9465856 0 11387 15278 20260
1790648959.729 130291174 8498473 2506467 360 79138816 9465856 0 11399 15293 20260
1790648959.990 130291660 8498473 2509055 360 79138816 9465856 0 11411 15307 20260
1790648960.247 130291908 8498473 2511646 360 79138816 9465856 0 11423 15321 20260
1790648960.509 130292894 8498473 2514236 360 79138816 9465856 0 11434 15336 20260
1790648960.768 130293142 8498473 2516826 360 79138816 9465856 0 11444 15351 20260
1790648961.029 130293390 8498473 2519430 360 79138816 9465856 0 11455 15367 20260
1790648961.288 130293818 8498473 2522026 360 79138816 9465856 0 11466 15381 20260
1790648961.548 130294431 8498473 2524573 360 79138816 9465856 0 11476 15397 20260
1790648961.808 130294679 8498473 2527161 360 79138816 9465856 0 11487 15412 20260
1790648962.067 130295335 8498473 2529755 360 79138816 9465856 0 11497 15428 20260
1790648962.326 130295813 8498473 2532341 360 79138816 9465856 0 11508 15443 20260
1790648962.585 130296061 8498473 2534934 360 79138816 9465856 0 11519 15457 20260
1790648962.845 130296309 8498473 2537525 360 79138816 9465856 0 11531 15471 20260
1790648963.104 130296727 8498473 2540118 360 79138816 9465856 0 11541 15487 20260
1790648963.363 130296975 8498473 2542704 360 79138816 9465856 0 11552 15502 20260
1790648963.622 130297276 8498473 2545296 360 79138816 9465856 0 11564 15517 20260
1790648963.887 130297524 8498473 2547936 360 79138816 9465856 0 11574 15532 20260
1790648964.147 130298010 8499156 2550525 361 79138816 9465856 0 11585 15548 20943
1790648964.407 130298258 8499156 2553118 361 79138816 9465856 0 11594 15564 20943
1790648964.665 130298752 8499156 2555712 361 79138816 9465856 0 11605 15579 20943
1790648964.926 130299000 8499156 2558306 361 79138816 9465856 0 11615 15595 20943
1790648965.186 130299248 8499156 2560887 361 79138816 9465856 0 11629 15607 20943
1790648965.445 130300278 8499156 2563473 361 79138816 9465856 0 11639 15622 20943
1790648965.710 130300825 8499156 2566121 361 79138816 9465856 0 11650 15639 20943
1790648965.970 130301857 8499156 2568697 361 79138816 9465856 0 11659 15655 20943
1790648966.231 130302275 8499156 2571312 361 79138816 9465856 0 11671 15669 20943
1790648966.491 130302643 8499156 2573841 361 79138816 9465856 0 11681 15684 20943
1790648966.750 130303061 8499156 2576422 361 79138816 9465856 0 11692 15700 20943
1790648967.008 130303531 8499156 2579008 361 79138816 9465856 0 11703 15714 20943
1790648967.268 130303779 8499156 2581603 361 79138816 9465856 0 11714 15729 20943
1790648967.527 130304250 8499156 2584208 361 79138816 9465856 0 11725 15744 20943
1790648967.789 130304498 8499156 2586807 361 79138816 9465856 0 11737 15759 20943
1790648968.048 130305104 8499156 2589403 361 79138816 9465856 0 11747 15774 20943
1790648968.310 130305582 8499156 2592000 361 79138816 9465856 0 11759 15788 20943
1790648968.569 130306902 8499156 2594578 361 79138816 9465856 0 11770 15804 20943
1790648968.828 130308992 8499156 2597155 361 79138816 9465856 0 11780 15819 20943
1790648969.087 130309240 8499156 2599742 361 79138816 9465856 0 11791 15834 20943
1790648969.347 130309658 8499156 2602336 361 79138816 9465856 0 11801 15849 20943
1790648969.608 130311009 8499156 2604956 361 79138816 9465856 0 11812 15865 20943
1790648969.870 130313465 8499156 2607520 361 79138816 9465856 0 11823 15879 20943
1790648970.128 130313951 8499156 2610112 361 79138816 9465856 0 11835 15894 20943
1790648970.389 130314431 8499156 2612705 361 79138816 9465856 0 11844 15910 20943
1790648970.648 130314925 8499156 2615294 361 79138816 9465856 0 11855 15926 20943
1790648970.908 130315173 8499156 2617886 361 79138816 9465856 0 11866 15941 20943
1790648971.168 130315481 8499156 2620482 361 79138816 9465856 0 11877 15955 20943
1790648971.427 130315789 8499156 2623083 361 79138816 9465856 0 11890 15969 20943
1790648971.706 130316090 8499156 2625807 361 79138816 9465856 0 11901 15984 20943
1790648971.962 130316836 8499156 2628403 361 79138816 9465856 0 11912 16000 20943
1790648972.226 130317254 8499156 2630996 361 79138816 9465856 0 11922 16015 20943
1790648972.484 130317502 8499156 2633583 361 79138816 9465856 0 11933 16031 20943
1790648972.745 130317750 8499156 2636172 361 79138816 9465856 0 11943 16047 20943
1790648973.005 130318168 8499156 2638771 361 79138816 9465856 0 11954 16061 20943
1790648973.265 130318476 8499156 2641360 361 79138816 9465856 0 11965 16077 20943
1790648973.524 130318777 8499156 2643956 361 79138816 9465856 0 11976 16091 20943
1790648973.783 130319085 8499156 2646540 361 79138816 9465856 0 11987 16106 20943
1790648974.043 130319571 8499841 2649129 362 79138816 9465856 0 11997 16122 21628
1790648974.303 130319819 8499841 2651718 362 79138816 9465856 0 12008 16137 21628
1790648974.562 130320067 8499841 2654312 362 79138816 9465856 0 12019 16152 21628
1790648974.822 130320561 8499841 2656901 362 79138816 9465856 0 12030 16166 21628
1790648975.081 130320809 8499841 2659489 362 79138816 9465856 0 12041 16181 21628
1790648975.341 130321159 8499841 2662077 362 79138816 9465856 0 12051 16197 21628
1790648975.600 130321766 8499841 2664667 362 79138816 9465856 0 12062 16212 21628
1790648975.860 130322206 8499841 2667256 362 79138816 9465856 0 12074 16226 21628
1790648976.118 130322862 8499841 2669838 362 79138816 9465856 0 12085 16241 21628
1790648976.380 130323110 8499841 2672431 362 79138816 9465856 0 12096 16255 21628
1790648976.639 130323528 8499841 2674965 362 79138816 9465856 0 12107 16271 21628
1790648976.899 130324659 8499841 2677560 362 79138816 9465856 0 12116 16287 21628
1790648977.158 130324907 8499841 2680143 362 79138816 9465856 0 12127 16302 21628
1790648977.417 130325275 8499841 2682732 362 79138816 9465856 0 12136 16319 21628
1790648977.677 130325746 8499841 2685317 362 79138816 9465856 0 12147 16334 21628
1790648977.936 130326745 8499841 2687899 362 79138816 9465856 0 12158 16349 21628
1790648978.200 130327677 8499841 2690533 362 79138816 9465856 0 12169 16364 21628
1790648978.461 130327925 8499841 2693137 362 79138816 9465856 0 12180 16379 21628
1790648978.720 130328173 8499841 2695721 362 79138816 9465856 0 12190 16395 21628
1790648978.979 130328421 8499841 2698305 362 79138816 9465856 0 12201 16409 21628
1790648979.237 130329445 8499841 2700890 362 79138816 9465856 0 12212 16425 21628
1790648979.499 130329746 8499841 2703484 362 79138816 9465856 0 12222 16440 21628
1790648979.759 130330240 8499841 2706074 362 79138816 9465856 0 12234 16454 21628
1790648980.019 130330726 8499841 2708720 362 79138816 9465856 0 12245 16470 21628
1790648980.284 130331146 8499841 2711316 362 79138816 9465856 0 12257 16483 21628
1790648980.544 130332430 8499841 2713906 362 79138816 9465856 0 12267 16499 21628
1790648980.802 130332678 8499841 2716495 362 79138816 9465856 0 12278 16514 21628
1790648981.064 130333782 8499841 2719098 362 79138816 9465856 0 12290 16528 21628
1790648981.324 130334250 8499841 2721692 362 79138816 9465856 0 12300 16545 21628
1790648981.583 130335007 8499841 2724239 362 79138816 9465856 0 12311 16559 21628
1790648981.843 130335405 8499841 2726823 362 79138816 9465856 0 12321 16574 21628
1790648982.102 130336233 8499841 2729410 362 79138816 9465856 0 12333 16589 21628
1790648982.362 130336711 8499841 2731995 362 79138816 9465856 0 12343 16604 21628
1790648982.619 130336959 8499841 2734586 362 79138816 9465856 0 12353 16621 21628
1790648982.880 130337207 8499841 2737170 362 79138816 9465856 0 12363 16636 21628
1790648983.140 130337797 8499841 2739771 362 79138816 9465856 0 12374 16651 21628
1790648983.400 130338045 8499841 2742359 362 79138816 9465856 0 12386 16665 21628
1790648983.659 130338406 8499841 2744952 362 79138816 9465856 0 12397 16680 21628
1790648983.918 130338654 8499841 2747536 362 79138816 9465856 0 12409 16694 21628
1790648984.177 130339140 8500526 2750119 363 79138816 9465856 0 12418 16711 22313
1790648984.436 130339934 8500526 2752707 363 79138816 9465856 0 12429 16725 22313
1790648984.697 130340428 8500526 2755297 363 79138816 9465856 0 12441 16740 22313
1790648984.956 130340676 8500526 2757886 363 79138816 9465856 0 12450 16756 22313
1790648985.215 130340924 8500526 2760480 363 79138816 9465856 0 12461 16771 22313
1790648985.474 130341710 8500526 2763066 363 79138816 9465856 0 12473 16785 22313
1790648985.733 130342011 8500526 2765654 363 79138816 9465856 0 12483 16801 22313
1790648985.993 130342497 8500526 2768242 363 79138816 9465856 0 12494 16815 22313
1790648986.252 130342975 8500526 2770829 363 79138816 9465856 0 12505 16831 22313
1790648986.514 130343513 8500526 2773484 363 79138816 9465856 0 12517 16846 22313
1790648986.790 130343761 8500526 2776155 363 79138816 9465856 0 12528 16861 22313
1790648987.050 130344009 8500526 2778751 363 79138816 9465856 0 12537 16877 22313
1790648987.309 130344257 8500526 2781345 363 79138816 9465856 0 12548 16892 22313
