# pid 914  clk_tck=
# t rchar wchar syscr syscw read_bytes write_bytes cancelled_write_bytes utime stime hda_pos
1790649008.625 133545660 8642947 3003738 383 79187968 9654272 0 13466 18140 23686
1790649008.890 133545974 8642947 3006324 383 79187968 9654272 0 13477 18155 23686
1790649009.149 133546512 8642947 3008929 383 79187968 9654272 0 13489 18169 23686
1790649009.409 133546760 8642947 3011515 383 79187968 9654272 0 13500 18183 23686
1790649009.668 133547061 8642947 3014113 383 79187968 9654272 0 13511 18199 23686
1790649009.927 133547555 8642947 3016696 383 79187968 9654272 0 13521 18214 23686
1790649010.187 133548041 8642947 3019291 383 79187968 9654272 0 13531 18230 23686
1790649010.455 133552509 8642947 3021853 383 79187968 9654272 0 13543 18245 23686
1790649010.753 133559391 8642981 3024659 384 79187968 9654272 0 13553 18263 23720
1790649011.013 133559639 8642981 3027252 384 79187968 9654272 0 13564 18278 23720
1790649011.272 133559887 8642981 3029846 384 79187968 9654272 0 13575 18292 23720
1790649011.531 133560344 8642981 3032440 384 79187968 9654272 0 13587 18307 23720
1790649011.807 133564786 8642981 3034939 384 79187968 9654272 0 13597 18324 23720
1790649012.096 133572778 8642981 3037781 384 79187968 9654272 0 13608 18341 23720
1790649012.357 133593164 8642981 3040353 384 79187968 9654272 0 13619 18356 23720
1790649012.617 133593623 8642981 3042949 384 79187968 9654272 0 13630 18371 23720
1790649012.876 133844932 8642981 3044719 384 79187968 9654272 0 13645 18382 23720
1790649013.136 134562150 8642981 3044877 384 79187968 9654272 0 13666 18386 23720
1790649013.394 135279198 8642981 3045035 384 79187968 9654272 0 13689 18390 23720
1790649013.654 135353695 8642981 3047445 384 79187968 9654272 0 13700 18404 23720
1790649013.914 135415895 8642981 3049930 384 79187968 9654272 0 13710 18420 23720
1790649014.174 135923261 8642981 3050862 384 79187968 9654272 0 13729 18427 23720
1790649014.432 136640309 8642981 3051025 384 79187968 9654272 0 13751 18431 23720
1790649014.693 137214243 8642981 3051649 384 79187968 9654272 0 13771 18437 23720
1790649014.952 137805851 8642981 3052207 384 79187968 9654272 0 13792 18442 23720
1790649015.206 138060055 8774053 3052686 386 79187968 9801728 0 13810 18447 23720
1790649015.465 138066627 9036197 3052779 390 79198208 10080256 0 13827 18452 23720
1790649015.714 138074872 9363877 3052872 395 79211008 10428416 0 13842 18456 23720
1790649015.976 138083056 9691557 3053007 400 79223808 10776576 0 13858 18460 23720
1790649016.233 138089632 9888165 3053400 403 79234048 11055104 0 13874 18464 23720
1790649016.482 138096272 10215845 3053513 408 79244288 11333632 0 13888 18468 23720
1790649016.732 138102682 10477989 3053753 412 79254528 11612160 0 13905 18474 23720
1790649017.010 138110626 10740133 3053927 416 79267328 11960320 0 13920 18479 23720
1790649017.266 138117036 11067813 3054029 421 79277568 12242944 0 13936 18484 23720
1790649017.517 138123667 11329957 3054335 425 79287808 12521472 0 13949 18490 23720
1790649017.778 138131613 11657637 3054423 430 79300608 12869632 0 13965 18494 23720
1790649018.028 138138259 11919781 3054784 434 79310848 13148160 0 13981 18499 23720
1790649018.288 138144837 12181925 3054904 438 79321088 13426688 0 13999 18503 23720
1790649018.546 138151245 12444069 3055025 442 79331328 13705216 0 14011 18508 23720
1790649018.802 138197143 12601765 3056372 448 79441408 13885440 0 14024 18517 23720
1790649019.064 138197399 12601765 3058969 448 79441408 13885440 0 14034 18532 23720
1790649019.322 138197825 12601765 3061525 448 79441408 13885440 0 14046 18546 23720
1790649019.583 138230000 12605861 3063787 456 79441408 13918208 0 14055 18560 23720
1790649019.840 138230502 12605861 3066377 456 79441408 13918208 0 14067 18574 23720
1790649020.101 138232534 12606885 3068778 458 79441408 13926400 0 14076 18590 23720
1790649020.360 138234872 12607397 3071249 459 79441408 13934592 0 14085 18604 23720
1790649020.618 138235736 12608590 3073819 461 79441408 13934592 0 14097 18619 24401
1790649020.878 138235992 12608590 3076412 461 79441408 13934592 0 14107 18634 24401
1790649021.135 138236248 12608590 3079010 461 79441408 13934592 0 14118 18649 24401
1790649021.396 138236504 12608590 3081602 461 79441408 13934592 0 14128 18665 24401
1790649021.655 138237173 12608590 3084193 461 79441408 13934592 0 14139 18680 24401
1790649021.915 138237565 12608590 3086731 461 79441408 13934592 0 14149 18696 24401
1790649022.174 138238289 12608590 3089328 461 79441408 13934592 0 14160 18711 24401
1790649022.434 138238715 12608590 3091934 461 79441408 13934592 0 14171 18726 24401
1790649022.694 138238971 12608590 3094533 461 79441408 13934592 0 14181 18742 24401
1790649022.953 138239359 12608590 3097129 461 79441408 13934592 0 14191 18758 24401
1790649023.213 138239785 12608590 3099723 461 79441408 13934592 0 14202 18772 24401
1790649023.472 138240094 12608590 3102315 461 79441408 13934592 0 14214 18787 24401
1790649023.731 138240896 12608590 3104910 461 79441408 13934592 0 14224 18802 24401
1790649023.991 138241390 12608590 3107509 461 79441408 13934592 0 14235 18818 24401
1790649024.250 138241646 12608590 3110104 461 79441408 13934592 0 14246 18832 24401
1790649024.510 138241902 12608590 3112703 461 79441408 13934592 0 14257 18846 24401
1790649024.769 138242404 12608590 3115297 461 79441408 13934592 0 14270 18860 24401
1790649025.029 138242660 12608590 3117899 461 79441408 13934592 0 14281 18875 24401
1790649025.289 138242916 12608590 3120495 461 79441408 13934592 0 14291 18890 24401
1790649025.548 138244253 12608590 3123091 461 79441408 13934592 0 14303 18905 24401
1790649025.809 138244509 12608590 3125701 461 79441408 13934592 0 14313 18920 24401
1790649026.074 138245719 12608590 3128343 461 79441408 13934592 0 14325 18935 24401
1790649026.333 138246726 12608590 3130927 461 79441408 13934592 0 14336 18950 24401
1790649026.591 138247528 12608590 3133511 461 79441408 13934592 0 14348 18964 24401
1790649026.851 138247784 12608590 3136034 461 79441408 13934592 0 14359 18978 24401
1790649027.110 138248142 12608590 3138627 461 79441408 13934592 0 14370 18994 24401
1790649027.376 138249149 12608590 3141266 461 79441408 13934592 0 14381 19008 24401
1790649027.635 138249628 12608590 3143863 461 79441408 13934592 0 14393 19023 24401
1790649027.896 138249944 12608590 3146468 461 79441408 13934592 0 14404 19038 24401
1790649028.154 138250728 12608590 3149070 461 79441408 13934592 0 14415 19052 24401
1790649028.416 138251086 12608590 3151660 461 79441408 13934592 0 14427 19067 24401
1790649028.676 138251342 12608590 3154268 461 79441408 13934592 0 14438 19082 24401
1790649028.935 138251598 12608590 3156863 461 79441408 13934592 0 14447 19098 24401
1790649029.200 138252024 12608590 3159506 461 79441408 13934592 0 14459 19112 24401
1790649029.459 138252280 12608590 3162103 461 79441408 13934592 0 14472 19125 24401
1790649029.718 138252835 12608590 3164698 461 79441408 13934592 0 14482 19142 24401
1790649029.978 138253995 12608590 3167285 461 79441408 13934592 0 14492 19157 24401
1790649030.238 138254251 12608590 3169882 461 79441408 13934592 0 14504 19171 24401
1790649030.498 138254925 12608590 3172480 461 79441408 13934592 0 14515 19186 24401
1790649030.757 138255241 12609274 3175076 462 79441408 13934592 0 14525 19202 25085
1790649031.017 138255497 12609274 3177675 462 79441408 13934592 0 14537 19216 25085
1790649031.276 138255813 12609274 3180275 462 79441408 13934592 0 14548 19231 25085
1790649031.536 138256182 12609274 3182869 462 79441408 13934592 0 14561 19244 25085
1790649031.794 138256438 12609274 3185467 462 79441408 13934592 0 14572 19259 25085
1790649032.070 138257102 12609274 3188187 462 79441408 13934592 0 14583 19275 25085
1790649032.332 138257528 12609274 3190780 462 79441408 13934592 0 14595 19289 25085
1790649032.591 138257784 12609274 3193377 462 79441408 13934592 0 14606 19304 25085
1790649032.850 138258040 12609274 3195969 462 79441408 13934592 0 14616 19320 25085
1790649033.110 138258466 12609274 3198567 462 79441408 13934592 0 14626 19335 25085
1790649033.369 138258782 12609274 3201155 462 79441408 13934592 0 14637 19350 25085
1790649033.628 138259091 12609274 3203753 462 79441408 13934592 0 14648 19365 25085
1790649033.888 138259347 12609274 3206348 462 79441408 13934592 0 14659 19380 25085
1790649034.147 138259841 12609274 3208945 462 79441408 13934592 0 14671 19394 25085
1790649034.406 138260097 12609274 3211546 462 79441408 13934592 0 14681 19410 25085
1790649034.667 138260599 12609274 3214151 462 79441408 13934592 0 14692 19425 25085
1790649034.926 138260855 12609274 3216740 462 79441408 13934592 0 14703 19440 25085
1790649035.185 138261111 12609274 3219338 462 79441408 13934592 0 14714 19455 25085
1790649035.444 138261427 12609274 3221928 462 79441408 13934592 0 14725 19470 25085
1790649035.704 138262042 12609274 3224523 462 79441408 13934592 0 14736 19485 25085
1790649035.964 138262358 12609274 3227114 462 79441408 13934592 0 14747 19499 25085
1790649036.223 138263022 12609274 3229708 462 79441408 13934592 0 14758 19514 25085
1790649036.482 138263278 12609274 3232302 462 79441408 13934592 0 14769 19529 25085
1790649036.742 138263704 12609274 3234896 462 79441408 13934592 0 14780 19544 25085
1790649037.001 138263960 12609274 3237430 462 79441408 13934592 0 14792 19558 25085
1790649037.261 138264348 12609274 3240025 462 79441408 13934592 0 14802 19573 25085
1790649037.520 138264657 12609274 3242615 462 79441408 13934592 0 14812 19589 25085
1790649037.780 138265083 12609274 3245219 462 79441408 13934592 0 14822 19606 25085
1790649038.045 138266123 12609274 3247861 462 79441408 13934592 0 14833 19621 25085
1790649038.304 138266681 12609274 3250454 462 79441408 13934592 0 14844 19636 25085
1790649038.563 138266937 12609274 3253048 462 79441408 13934592 0 14853 19652 25085
1790649038.823 138267193 12609274 3255635 462 79441408 13934592 0 14865 19667 25085
1790649039.082 138268085 12609274 3258227 462 79441408 13934592 0 14876 19681 25085
1790649039.341 138268511 12609274 3260828 462 79441408 13934592 0 14888 19696 25085
1790649039.600 138268820 12609274 3263420 462 79441408 13934592 0 14899 19711 25085
1790649039.862 138269322 12609274 3266017 462 79441408 13934592 0 14908 19727 25085
1790649040.121 138269816 12609274 3268611 462 79441408 13934592 0 14919 19742 25085
1790649040.380 138270072 12609274 3271203 462 79441408 13934592 0 14928 19758 25085
1790649040.640 138271570 12609959 3273803 463 79441408 13934592 0 14939 19774 25770
1790649040.900 138271826 12609959 3276394 463 79441408 13934592 0 14950 19789 25770
1790649041.159 138272082 12609959 3278996 463 79441408 13934592 0 14961 19803 25770
1790649041.419 138272338 12609959 3281594 463 79441408 13934592 0 14972 19818 25770
1790649041.678 138273103 12609959 3284187 463 79441408 13934592 0 14982 19834 25770
1790649041.937 138273461 12609959 3286720 463 79441408 13934592 0 14995 19848 25770
1790649042.196 138274295 12609959 3289313 463 79441408 13934592 0 15006 19862 25770
1790649042.455 138274611 12609959 3291898 463 79441408 13934592 0 15016 19878 25770
1790649042.715 138274867 12609959 3294491 463 79441408 13934592 0 15028 19892 25770
1790649042.974 138275123 12609959 3297078 463 79441408 13934592 0 15039 19907 25770
1790649043.233 138275549 12609959 3299672 463 79441408 13934592 0 15050 19921 25770
1790649043.493 138275858 12609959 3302260 463 79441408 13934592 0 15063 19935 25770
1790649043.757 138276114 12609959 3304899 463 79441408 13934592 0 15074 19950 25770
1790649044.016 138276608 12609959 3307488 463 79441408 13934592 0 15085 19964 25770
1790649044.275 138276864 12609959 3310080 463 79441408 13934592 0 15097 19979 25770
1790649044.534 138277120 12609959 3312672 463 79441408 13934592 0 15108 19993 25770
1790649044.794 138277622 12609959 3315269 463 79441408 13934592 0 15118 20009 25770
1790649045.053 138277878 12609959 3317854 463 79441408 13934592 0 15129 20024 25770
1790649045.313 138278134 12609959 3320451 463 79441408 13934592 0 15139 20040 25770
1790649045.578 138279007 12609959 3323101 463 79441408 13934592 0 15150 20055 25770
1790649045.838 138279323 12609959 3325688 463 79441408 13934592 0 15162 20070 25770
1790649046.097 138279987 12609959 3328291 463 79441408 13934592 0 15173 20084 25770
1790649046.357 138280303 12609959 3330880 463 79441408 13934592 0 15184 20099 25770
1790649046.616 138280849 12609959 3333467 463 79441408 13934592 0 15194 20115 25770
1790649046.876 138281105 12609959 3336087 463 79441408 13934592 0 15205 20132 25770
1790649047.154 138281361 12609959 3338795 463 79441408 13934592 0 15216 20147 25770
1790649047.413 138281749 12609959 3341387 463 79441408 13934592 0 15228 20161 25770
1790649047.672 138282228 12609959 3343978 463 79441408 13934592 0 15239 20175 25770
1790649047.932 138282484 12609959 3346569 463 79441408 13934592 0 15251 20189 25770
1790649048.191 138283148 12609959 3349166 463 79441408 13934592 0 15263 20203 25770
1790649048.450 138283404 12609959 3351755 463 79441408 13934592 0 15274 20218 25770
1790649048.709 138283660 12609959 3354346 463 79441408 13934592 0 15284 20234 25770
1790649048.963 138283916 12609959 3356939 463 79441408 13934592 0 15296 20248 25770
1790649049.230 138285349 12609959 3359548 463 79441408 13934592 0 15307 20263 25770
1790649049.491 138285658 12609959 3362151 463 79441408 13934592 0 15317 20279 25770
1790649049.751 138286160 12609959 3364743 463 79441408 13934592 0 15327 20294 25770
1790649050.012 138287405 12609959 3367357 463 79441408 13934592 0 15339 20309 25770
1790649050.271 138287917 12609959 3369940 463 79441408 13934592 0 15350 20324 25770
1790649050.530 138288419 12609959 3372533 463 79441408 13934592 0 15359 20341 25770
1790649050.790 138288735 12610644 3375129 464 79441408 13934592 0 15371 20355 26455
1790649051.050 138289111 12610644 3377727 464 79441408 13934592 0 15382 20369 26455
1790649051.310 138289367 12610644 3380324 464 79441408 13934592 0 15392 20385 26455
1790649051.569 138289736 12610644 3382922 464 79441408 13934592 0 15403 20400 26455
1790649051.829 138289992 12610644 3385508 464 79441408 13934592 0 15413 20416 26455
1790649052.088 138290776 12610644 3388042 464 79441408 13934592 0 15425 20430 26455
1790649052.345 138291202 12610644 3390635 464 79441408 13934592 0 15436 20445 26455
1790649052.607 138291590 12610644 3393231 464 79441408 13934592 0 15448 20459 26455
1790649052.866 138291846 12610644 3395824 464 79441408 13934592 0 15460 20473 26455
1790649053.125 138292272 12610644 3398418 464 79441408 13934592 0 15472 20487 26455
1790649053.384 138292528 12610644 3401022 464 79441408 13934592 0 15483 20502 26455
1790649053.645 138293089 12610644 3403614 464 79441408 13934592 0 15494 20517 26455
1790649053.904 138293345 12610644 3406196 464 79441408 13934592 0 15505 20531 26455
