# pid 4933  clk_tck=
# t rchar wchar syscr syscw read_bytes write_bytes cancelled_write_bytes utime stime hda_pos
1790649307.283 85792653 359113 13155 161 131072 606208 0 6807 7686 33386
1790649307.543 85792653 359113 13155 161 131072 606208 0 6817 7702 33386
1790649307.800 85792653 359113 13155 161 131072 606208 0 6828 7717 33386
1790649308.060 85792653 359113 13155 161 131072 606208 0 6839 7732 33386
1790649308.337 85792653 359113 13155 161 131072 606208 0 6851 7747 33386
1790649308.596 85792653 359113 13155 161 131072 606208 0 6863 7761 33386
1790649308.854 85792653 359113 13155 161 131072 606208 0 6876 7774 33386
1790649309.122 85792653 359113 13155 161 131072 606208 0 6886 7791 33386
1790649309.409 85792653 359147 13155 162 131072 606208 0 6899 7805 33386
1790649309.667 85792653 359147 13155 162 131072 606208 0 6910 7819 33386
1790649309.925 85792653 359147 13155 162 131072 606208 0 6921 7834 33386
1790649310.184 85792653 359147 13155 162 131072 606208 0 6933 7848 33386
1790649310.450 85792653 359147 13155 162 131072 606208 0 6946 7861 33386
1790649310.725 85998025 359147 13159 162 131072 606208 0 6959 7875 33386
1790649310.983 85998025 359147 13159 162 131072 606208 0 6970 7889 33386
1790649311.242 86042121 359147 13167 162 131072 606208 0 6980 7905 33386
1790649311.501 86159913 359147 13181 162 131072 606208 0 6993 7918 33386
1790649311.761 86876713 359147 13261 162 131072 606208 0 7015 7921 33386
1790649312.025 87593513 359147 13341 162 131072 606208 0 7038 7925 33386
1790649312.285 87944745 359147 13379 162 131072 606208 0 7054 7936 33386
1790649312.542 87944745 359147 13379 162 131072 606208 0 7064 7950 33386
1790649312.801 88159785 359147 13403 162 131072 606208 0 7078 7962 33386
1790649313.061 88876585 359147 13483 162 131072 606208 0 7101 7966 33386
1790649313.321 89593385 359147 13563 162 131072 606208 0 7122 7970 33386
1790649313.581 90184745 359147 13629 162 131072 606208 0 7142 7976 33386
1790649313.840 90741801 359147 13689 162 131072 606208 0 7159 7985 33386
1790649314.100 90749491 686827 13699 167 138752 962560 0 7175 7989 33386
1790649314.351 90755643 948971 13707 171 148992 1241088 0 7189 7995 33386
1790649314.608 90763333 1276651 13717 176 161792 1589248 0 7207 7998 33386
1790649314.864 90807883 1473259 13727 179 172032 1798144 0 7221 8005 33386
1790649315.115 90815573 1800939 13737 184 182272 2146304 0 7237 8010 33386
1790649315.369 90821725 2063083 13745 188 192512 2424832 0 7251 8016 33386
1790649315.627 90829413 2325227 13754 192 205312 2772992 0 7267 8020 33386
1790649315.885 90835565 2587371 13762 196 215552 3051520 0 7282 8025 33386
1790649316.142 90841719 2915051 13771 201 225792 3330048 0 7296 8029 33386
1790649316.400 90847869 3111659 13778 204 236032 3608576 0 7311 8036 33386
1790649316.660 90854023 3439339 13787 209 246272 3887104 0 7328 8041 33386
1790649316.919 90861711 3701483 13796 213 259072 4235264 0 7343 8045 33386
1790649317.176 90867865 4029163 13805 218 269312 4513792 0 7360 8049 33386
1790649317.434 90894503 4316907 13819 224 384512 4825088 0 7374 8055 33386
1790649317.695 90976937 4317931 13830 226 384512 4833280 0 7385 8070 33386
1790649317.958 90976937 4317931 13830 226 384512 4833280 0 7396 8084 33386
1790649318.218 91098803 4324587 13855 238 384512 4882432 0 7404 8098 33386
1790649318.479 91098803 4324587 13855 238 384512 4882432 0 7416 8112 33386
1790649318.736 91100341 4325611 13858 240 384512 4890624 0 7426 8126 33386
1790649318.995 91100341 4325611 13858 240 384512 4890624 0 7436 8141 33386
1790649319.254 91101879 4326635 13861 242 384512 4902912 0 7447 8156 33386
1790649319.513 91101879 4327318 13861 243 384512 4902912 0 7457 8172 33386
1790649319.769 91101879 4327318 13861 243 384512 4902912 0 7468 8187 33386
1790649320.031 91101879 4327318 13861 243 384512 4902912 0 7479 8201 33386
1790649320.290 91101879 4327318 13861 243 384512 4902912 0 7490 8216 33386
1790649320.548 91101879 4327318 13861 243 384512 4902912 0 7501 8231 33386
1790649320.807 91101879 4327318 13861 243 384512 4902912 0 7513 8245 33386
1790649321.065 91101879 4327318 13861 243 384512 4902912 0 7523 8260 33386
1790649321.323 91101879 4327318 13861 243 384512 4902912 0 7535 8274 33386
1790649321.581 91101879 4327318 13861 243 384512 4902912 0 7548 8287 33386
1790649321.841 91101879 4327318 13861 243 384512 4902912 0 7559 8302 33386
1790649322.099 91101879 4327318 13861 243 384512 4902912 0 7570 8317 33386
1790649322.358 91101879 4327318 13861 243 384512 4902912 0 7581 8331 33386
1790649322.615 91101879 4327318 13861 243 384512 4902912 0 7592 8346 33386
1790649322.874 91101879 4327318 13861 243 384512 4902912 0 7603 8360 33386
1790649323.132 91101879 4327318 13861 243 384512 4902912 0 7616 8374 33386
1790649323.404 91101883 4327318 13863 243 384512 4902912 0 7627 8390 33386
1790649323.662 91101883 4327318 13863 243 384512 4902912 0 7638 8404 33386
1790649323.921 91101883 4327318 13863 243 384512 4902912 0 7649 8419 33386
1790649324.179 91101883 4327318 13863 243 384512 4902912 0 7661 8433 33386
1790649324.438 91101883 4327318 13863 243 384512 4902912 0 7673 8447 33386
1790649324.696 91101883 4327318 13863 243 384512 4902912 0 7686 8460 33386
1790649324.954 91101883 4327318 13863 243 384512 4902912 0 7696 8475 33386
1790649325.213 91101883 4327318 13863 243 384512 4902912 0 7708 8489 33386
1790649325.471 91101883 4327318 13863 243 384512 4902912 0 7717 8505 33386
1790649325.730 91101883 4327318 13863 243 384512 4902912 0 7728 8521 33386
1790649325.988 91101883 4327318 13863 243 384512 4902912 0 7739 8535 33386
1790649326.247 91101883 4327318 13863 243 384512 4902912 0 7751 8549 33386
1790649326.506 91101883 4327318 13863 243 384512 4902912 0 7762 8564 33386
1790649326.765 91101883 4327318 13863 243 384512 4902912 0 7772 8579 33386
1790649327.023 91101883 4327318 13863 243 384512 4902912 0 7782 8595 33386
1790649327.281 91101883 4327318 13863 243 384512 4902912 0 7792 8611 33386
1790649327.540 91101883 4327318 13863 243 384512 4902912 0 7803 8626 33386
1790649327.799 91101883 4327318 13863 243 384512 4902912 0 7815 8640 33386
1790649328.059 91101883 4327318 13863 243 384512 4902912 0 7826 8654 33386
1790649328.318 91101883 4327318 13863 243 384512 4902912 0 7839 8667 33386
1790649328.576 91101883 4327318 13863 243 384512 4902912 0 7851 8682 33386
1790649328.834 91101883 4327318 13863 243 384512 4902912 0 7860 8697 33386
1790649329.092 91101883 4327318 13863 243 384512 4902912 0 7870 8713 33386
1790649329.351 91101883 4328004 13863 244 384512 4902912 0 7881 8729 33386
1790649329.610 91101883 4328004 13863 244 384512 4902912 0 7891 8744 33386
1790649329.868 91101883 4328004 13863 244 384512 4902912 0 7902 8759 33386
1790649330.127 91101883 4328004 13863 244 384512 4902912 0 7913 8774 33386
1790649330.384 91101883 4328004 13863 244 384512 4902912 0 7923 8789 33386
1790649330.644 91101883 4328004 13863 244 384512 4902912 0 7935 8804 33386
1790649330.902 91101883 4328004 13863 244 384512 4902912 0 7946 8818 33386
1790649331.161 91101883 4328004 13863 244 384512 4902912 0 7957 8833 33386
1790649331.419 91101883 4328004 13863 244 384512 4902912 0 7967 8848 33386
1790649331.678 91101883 4328004 13863 244 384512 4902912 0 7978 8863 33386
1790649331.936 91101883 4328004 13863 244 384512 4902912 0 7990 8878 33386
1790649332.195 91101883 4328004 13863 244 384512 4902912 0 8000 8893 33386
1790649332.453 91101883 4328004 13863 244 384512 4902912 0 8012 8907 33386
1790649332.712 91101883 4328004 13863 244 384512 4902912 0 8022 8922 33386
1790649332.971 91101883 4328004 13863 244 384512 4902912 0 8033 8937 33386
1790649333.240 91101883 4328004 13863 244 384512 4902912 0 8045 8952 33386
1790649333.500 91101883 4328004 13863 244 384512 4902912 0 8056 8966 33386
1790649333.759 91101883 4328004 13863 244 384512 4902912 0 8067 8981 33386
1790649334.017 91101883 4328004 13863 244 384512 4902912 0 8080 8994 33386
1790649334.276 91101883 4328004 13863 244 384512 4902912 0 8092 9008 33386
1790649334.535 91101883 4328004 13863 244 384512 4902912 0 8103 9023 33386
1790649334.793 91101883 4328004 13863 244 384512 4902912 0 8114 9037 33386
1790649335.052 91101883 4328004 13863 244 384512 4902912 0 8125 9052 33386
1790649335.310 91101883 4328004 13863 244 384512 4902912 0 8136 9067 33386
1790649335.568 91101883 4328004 13863 244 384512 4902912 0 8147 9082 33386
1790649335.827 91101883 4328004 13863 244 384512 4902912 0 8158 9096 33386
1790649336.086 91101883 4328004 13863 244 384512 4902912 0 8168 9112 33386
1790649336.345 91101883 4328004 13863 244 384512 4902912 0 8179 9127 33386
1790649336.608 91101883 4328004 13863 244 384512 4902912 0 8190 9142 33386
1790649336.866 91101883 4328004 13863 244 384512 4902912 0 8202 9156 33386
1790649337.124 91101883 4328004 13863 244 384512 4902912 0 8214 9169 33386
1790649337.383 91101883 4328004 13863 244 384512 4902912 0 8225 9184 33386
1790649337.641 91101883 4328004 13863 244 384512 4902912 0 8237 9199 33386
1790649337.900 91101883 4328004 13863 244 384512 4902912 0 8248 9213 33386
1790649338.159 91101883 4328004 13863 244 384512 4902912 0 8258 9228 33386
1790649338.416 91101883 4328004 13863 244 384512 4902912 0 8270 9243 33386
1790649338.680 91101883 4328004 13863 244 384512 4902912 0 8282 9257 33386
1790649338.940 91101883 4328004 13863 244 384512 4902912 0 8293 9272 33386
1790649339.198 91101883 4328004 13863 244 384512 4902912 0 8303 9287 33386
1790649339.456 91101883 4328691 13863 245 384512 4902912 0 8314 9302 33386
1790649339.715 91101883 4328691 13863 245 384512 4902912 0 8326 9316 33386
1790649339.973 91101883 4328691 13863 245 384512 4902912 0 8336 9332 33386
1790649340.232 91101883 4328691 13863 245 384512 4902912 0 8346 9347 33386
1790649340.494 91101883 4328691 13863 245 384512 4902912 0 8358 9362 33386
1790649340.752 91101883 4328691 13863 245 384512 4902912 0 8368 9377 33386
1790649341.011 91101883 4328691 13863 245 384512 4902912 0 8378 9393 33386
1790649341.269 91101883 4328691 13863 245 384512 4902912 0 8389 9408 33386
1790649341.527 91101883 4328691 13863 245 384512 4902912 0 8399 9424 33386
1790649341.786 91101883 4328691 13863 245 384512 4902912 0 8409 9440 33386
1790649342.046 91101883 4328691 13863 245 384512 4902912 0 8420 9454 33386
1790649342.304 91101883 4328691 13863 245 384512 4902912 0 8431 9469 33386
1790649342.563 91101883 4328691 13863 245 384512 4902912 0 8442 9484 33386
1790649342.822 91101883 4328691 13863 245 384512 4902912 0 8453 9499 33386
1790649343.081 91101883 4328691 13863 245 384512 4902912 0 8464 9513 33386
1790649343.341 91101883 4328691 13863 245 384512 4902912 0 8476 9528 33386
1790649343.599 91101883 4328691 13863 245 384512 4902912 0 8487 9542 33386
1790649343.857 91101883 4328691 13863 245 384512 4902912 0 8500 9555 33386
1790649344.116 91101883 4328691 13863 245 384512 4902912 0 8512 9569 33386
1790649344.374 91101883 4328691 13863 245 384512 4902912 0 8523 9584 33386
1790649344.632 91101883 4328691 13863 245 384512 4902912 0 8535 9598 33386
1790649344.891 91101883 4328691 13863 245 384512 4902912 0 8545 9613 33386
1790649345.149 91101883 4328691 13863 245 384512 4902912 0 8557 9627 33386
1790649345.408 91101883 4328691 13863 245 384512 4902912 0 8566 9643 33386
1790649345.666 91101883 4328691 13863 245 384512 4902912 0 8578 9658 33386
1790649345.924 91101883 4328691 13863 245 384512 4902912 0 8588 9673 33386
1790649346.185 91101883 4328691 13863 245 384512 4902912 0 8599 9688 33386
1790649346.443 91101883 4328691 13863 245 384512 4902912 0 8610 9703 33386
1790649346.706 91101883 4328691 13863 245 384512 4902912 0 8622 9717 33386
1790649346.965 91101883 4328691 13863 245 384512 4902912 0 8633 9731 33386
1790649347.224 91101883 4328691 13863 245 384512 4902912 0 8646 9745 33386
1790649347.483 91101883 4328691 13863 245 384512 4902912 0 8657 9759 33386
1790649347.741 91101883 4328691 13863 245 384512 4902912 0 8668 9774 33386
1790649348.001 91101883 4328691 13863 245 384512 4902912 0 8680 9789 33386
1790649348.261 91101883 4328691 13863 245 384512 4902912 0 8690 9804 33386
1790649348.538 91101883 4328691 13863 245 384512 4902912 0 8699 9822 33386
1790649348.797 91101883 4328691 13863 245 384512 4902912 0 8710 9837 33386
1790649349.056 91101883 4328691 13863 245 384512 4902912 0 8722 9851 33386
1790649349.315 91101883 4329377 13863 246 384512 4902912 0 8734 9865 33386
1790649349.575 91101883 4329377 13863 246 384512 4902912 0 8746 9879 33386
1790649349.833 91101883 4329377 13863 246 384512 4902912 0 8758 9893 33386
1790649350.092 91101883 4329377 13863 246 384512 4902912 0 8768 9909 33386
1790649350.351 91101883 4329377 13863 246 384512 4902912 0 8779 9923 33386
1790649350.609 91101883 4329377 13863 246 384512 4902912 0 8790 9938 33386
1790649350.870 91101883 4329377 13863 246 384512 4902912 0 8802 9952 33386
1790649351.129 91101883 4329377 13863 246 384512 4902912 0 8815 9965 33386
1790649351.387 91101883 4329377 13863 246 384512 4902912 0 8827 9979 33386
1790649351.645 91101883 4329377 13863 246 384512 4902912 0 8838 9994 33386
1790649351.906 91101883 4329377 13863 246 384512 4902912 0 8848 10010 33386
1790649352.165 91101883 4329377 13863 246 384512 4902912 0 8857 10026 33386
1790649352.423 91101883 4329377 13863 246 384512 4902912 0 8870 10039 33386
