# pid 924  clk_tck=
# t rchar wchar syscr syscw read_bytes write_bytes cancelled_write_bytes utime stime hda_pos
1790648172.409 103856168 503194 2203629 243 76717568 790528 0 9582 12674 19151
1790648172.675 103856350 503194 2206243 243 76717568 790528 0 9592 12690 19151
1790648172.942 103856702 503194 2208884 243 76717568 790528 0 9603 12706 19151
1790648173.202 103856884 503194 2211476 243 76717568 790528 0 9613 12721 19151
1790648173.462 103857304 503194 2214071 243 76717568 790528 0 9625 12735 19151
1790648173.722 103857599 503194 2216666 243 76717568 790528 0 9636 12751 19151
1790648173.981 103858027 503194 2219250 243 76717568 790528 0 9646 12766 19151
1790648174.260 103860690 503194 2221996 243 76717568 790528 0 9657 12784 19151
1790648174.554 103908604 503228 2224641 244 76717568 790528 0 9668 12801 19185
1790648174.814 103909032 503228 2227230 244 76717568 790528 0 9678 12816 19185
1790648175.073 103909346 503228 2229822 244 76717568 790528 0 9689 12832 19185
1790648175.332 103909528 503228 2232421 244 76717568 790528 0 9700 12846 19185
1790648175.597 103913936 503228 2234877 244 76717568 790528 0 9712 12861 19185
1790648175.861 103915783 503228 2237410 244 76717568 790528 0 9722 12876 19185
1790648176.116 103915965 503228 2239887 244 76717568 790528 0 9733 12890 19185
1790648176.380 103933213 503228 2242416 244 76717568 790528 0 9745 12905 19185
1790648176.642 103933723 503228 2245025 244 76717568 790528 0 9757 12919 19185
1790648176.902 103933905 503228 2247608 244 76717568 790528 0 9767 12934 19185
1790648177.161 103934219 503228 2250197 244 76717568 790528 0 9779 12948 19185
1790648177.422 103934915 503228 2252799 244 76717568 790528 0 9790 12963 19185
1790648177.682 103935748 503228 2255393 244 76717568 790528 0 9802 12978 19185
1790648177.942 103936100 503228 2257977 244 76717568 790528 0 9813 12993 19185
1790648178.201 103936282 503228 2260565 244 76717568 790528 0 9824 13007 19185
1790648178.461 103936524 503228 2263157 244 76717568 790528 0 9836 13022 19185
1790648178.723 103937066 503228 2265761 244 76717568 790528 0 9846 13038 19185
1790648178.983 103937664 503228 2268344 244 76717568 790528 0 9857 13052 19185
1790648179.243 104099638 503228 2270889 244 76717568 790528 0 9868 13067 19185
1790648179.503 104222546 503228 2273391 244 76717568 790528 0 9879 13082 19185
1790648179.764 104222781 503228 2275990 244 76717568 790528 0 9890 13097 19185
1790648180.022 104245737 503228 2278551 244 76717568 790528 0 9902 13112 19185
1790648180.282 104348831 503228 2281080 244 76717568 790528 0 9912 13127 19185
1790648180.540 104349471 503228 2283673 244 76717568 790528 0 9923 13142 19185
1790648180.802 104351929 503228 2286265 244 76717568 790528 0 9934 13157 19185
1790648181.062 104352111 503228 2288860 244 76717568 790528 0 9944 13173 19185
1790648181.322 104352293 503228 2291404 244 76717568 790528 0 9956 13187 19185
1790648181.582 104353510 503228 2293999 244 76717568 790528 0 9966 13203 19185
1790648181.842 104355336 503228 2296600 244 76717568 790528 0 9976 13219 19185
1790648182.105 104355688 503228 2299216 244 76717568 790528 0 9988 13233 19185
1790648182.364 104355930 503228 2301811 244 76717568 790528 0 10000 13247 19185
1790648182.624 104356416 503228 2304395 244 76717568 790528 0 10011 13262 19185
1790648182.884 104436640 503228 2306926 244 76717568 790528 0 10021 13278 19185
1790648183.144 104836272 503228 2309269 244 76717568 790528 0 10034 13291 19185
1790648183.403 104836454 503228 2311858 244 76717568 790528 0 10044 13307 19185
1790648183.662 104837047 503228 2314438 244 76717568 790528 0 10054 13323 19185
1790648183.922 104917101 503228 2316983 244 76717568 790528 0 10064 13338 19185
1790648184.182 105103387 505788 2319223 249 76717568 819200 0 10074 13352 19185
1790648184.441 105661649 506415 2321492 250 76717568 819200 0 10086 13366 19812
1790648184.701 105662191 506415 2324070 250 76717568 819200 0 10098 13381 19812
1790648184.960 105662619 506415 2326662 250 76717568 819200 0 10108 13396 19812
1790648185.229 105680721 506415 2329019 250 76717568 819200 0 10121 13410 19812
1790648185.484 105688891 834095 2329104 255 76731904 1167360 0 10137 13413 19812
1790648185.741 105892398 1096239 2329301 259 76742144 1445888 0 10153 13418 19812
1790648185.997 106309524 1292847 2329631 262 76749824 1654784 0 10171 13423 19812
1790648186.257 106710509 1358383 2329997 266 76749824 1740800 0 10190 13428 19812
1790648186.518 107017649 1571375 2330250 279 76749824 2007040 0 10202 13431 19812
1790648186.775 107421367 1669679 2330601 285 76752384 2129920 0 10220 13435 19812
1790648187.036 107478923 1899055 2330870 299 76850688 2416640 0 10233 13440 19812
1790648187.289 107730920 2193967 2331069 311 76850688 2760704 0 10247 13445 19812
1790648187.548 108108715 2193967 2331350 311 76850688 2760704 0 10268 13450 19812
1790648187.799 108412523 2521647 2331566 321 76850688 3166208 0 10282 13454 19812
1790648188.061 108754953 2587183 2331842 323 76850688 3203072 0 10303 13459 19812
1790648188.321 109033829 2783791 2332093 329 76951552 3424256 0 10320 13463 19812
1790648188.583 109266019 3177007 2332254 340 76951552 3862528 0 10334 13467 19812
1790648188.832 109559075 3373615 2332404 344 76951552 4075520 0 10352 13471 19812
1790648189.099 109852545 3570223 2332586 348 76951552 4288512 0 10371 13475 19812
1790648189.359 110181439 3766831 2332760 352 76951552 4501504 0 10389 13480 19812
1790648189.612 110438944 3963439 2332889 356 76951552 4714496 0 10404 13484 19812
1790648189.872 110732244 4176431 2333063 360 76951552 4943872 0 10422 13489 19812
1790648190.132 111007496 4373039 2333213 363 76951552 5222400 0 10441 13492 19812
1790648190.386 111316934 4635183 2333365 367 76951552 5431296 0 10460 13495 19812
1790648190.647 111644290 4831791 2333523 370 76951552 5640192 0 10479 13501 19812
1790648190.907 111917886 5028399 2333663 373 76951552 5849088 0 10497 13505 19812
1790648191.170 111962106 5093935 2336043 374 76951552 5918720 0 10507 13520 19812
1790648191.437 111962348 5093935 2338679 374 76951552 5918720 0 10519 13534 19812
1790648191.697 111962821 5093935 2341275 374 76951552 5918720 0 10531 13549 19812
1790648191.956 111963445 5093935 2343861 374 76951552 5918720 0 10542 13563 19812
1790648192.215 111963627 5093935 2346454 374 76951552 5918720 0 10553 13578 19812
1790648192.475 111964199 5093935 2349045 374 76951552 5918720 0 10565 13592 19812
1790648192.734 111964381 5093935 2351647 374 76951552 5918720 0 10576 13608 19812
1790648192.994 111964733 5093935 2354233 374 76951552 5918720 0 10586 13623 19812
1790648193.253 111964915 5093935 2356818 374 76951552 5918720 0 10597 13638 19812
1790648193.513 111965395 5093935 2359409 374 76951552 5918720 0 10607 13653 19812
1790648193.773 111965630 5093935 2362001 374 76951552 5918720 0 10618 13669 19812
1790648194.031 111966058 5093935 2364590 374 76951552 5918720 0 10629 13684 19812
1790648194.293 111966240 5093935 2367184 374 76951552 5918720 0 10640 13698 19812
1790648194.552 111966422 5094626 2369763 375 76951552 5918720 0 10651 13714 20503
1790648194.811 111966604 5094626 2372346 375 76951552 5918720 0 10662 13728 20503
1790648195.070 111967032 5094626 2374918 375 76951552 5918720 0 10673 13743 20503
1790648195.329 112109038 5094626 2377463 375 76951552 5918720 0 10683 13758 20503
1790648195.588 112190919 5094626 2380011 375 76951552 5918720 0 10694 13774 20503
1790648195.848 112277859 5094626 2382542 375 76951552 5918720 0 10705 13788 20503
1790648196.108 112298581 5094626 2385119 375 76951552 5918720 0 10714 13805 20503
1790648196.367 112299395 5094626 2387640 375 76951552 5918720 0 10725 13820 20503
1790648196.626 112541199 5094626 2390080 375 76951552 5918720 0 10735 13836 20503
1790648196.886 112686465 5097698 2392300 381 76951552 5947392 0 10745 13849 20503
1790648197.145 112686647 5097698 2394883 381 76951552 5947392 0 10755 13865 20503
1790648197.404 112728983 5097698 2397430 381 76951552 5947392 0 10765 13881 20503
1790648197.664 112730646 5097698 2400013 381 76951552 5947392 0 10776 13896 20503
1790648197.922 112732472 5097698 2402591 381 76951552 5947392 0 10787 13911 20503
1790648198.183 112732654 5097698 2405177 381 76951552 5947392 0 10799 13925 20503
1790648198.442 112732836 5097698 2407759 381 76951552 5947392 0 10810 13940 20503
1790648198.702 112733378 5097698 2410334 381 76951552 5947392 0 10820 13956 20503
1790648198.961 112733790 5097698 2412915 381 76951552 5947392 0 10830 13971 20503
1790648199.221 112734218 5097698 2415504 381 76951552 5947392 0 10841 13986 20503
1790648199.481 112735184 5097698 2418095 381 76951552 5947392 0 10851 14002 20503
1790648199.741 112735419 5097698 2420685 381 76951552 5947392 0 10863 14016 20503
1790648200.000 112735847 5097698 2423268 381 76951552 5947392 0 10873 14032 20503
1790648200.259 112736029 5097698 2425853 381 76951552 5947392 0 10885 14046 20503
1790648200.519 112736331 5097698 2428438 381 76951552 5947392 0 10894 14063 20503
1790648200.778 112736513 5097698 2431018 381 76951552 5947392 0 10905 14077 20503
1790648201.037 112736695 5097698 2433598 381 76951552 5947392 0 10917 14091 20503
1790648201.296 112736881 5097698 2436116 381 76951552 5947392 0 10928 14106 20503
1790648201.553 112737456 5097698 2438702 381 76951552 5947392 0 10938 14122 20503
1790648201.817 112737904 5097698 2441297 381 76951552 5947392 0 10951 14135 20503
1790648202.077 112738322 5097698 2443887 381 76951552 5947392 0 10962 14150 20503
1790648202.336 112738504 5097698 2446473 381 76951552 5947392 0 10972 14165 20503
1790648202.595 112739386 5097698 2449061 381 76951552 5947392 0 10984 14180 20503
1790648202.856 112739738 5097698 2451645 381 76951552 5947392 0 10995 14194 20503
1790648203.116 112739920 5097698 2454230 381 76951552 5947392 0 11006 14209 20503
1790648203.375 112740102 5097698 2456818 381 76951552 5947392 0 11018 14223 20503
1790648203.641 112740695 5097698 2459459 381 76951552 5947392 0 11029 14239 20503
1790648203.901 112740877 5097698 2462046 381 76951552 5947392 0 11040 14253 20503
1790648204.160 112741305 5097698 2464630 381 76951552 5947392 0 11051 14268 20503
1790648204.419 112741487 5098392 2467217 382 76951552 5947392 0 11062 14283 21197
1790648204.678 112741669 5098392 2469797 382 76951552 5947392 0 11073 14299 21197
1790648204.938 112742097 5098392 2472385 382 76951552 5947392 0 11084 14314 21197
1790648205.197 112742279 5098392 2474970 382 76951552 5947392 0 11094 14329 21197
1790648205.463 112742699 5098392 2477636 382 76951552 5947392 0 11106 14344 21197
1790648205.725 112743480 5098392 2480203 382 76951552 5947392 0 11117 14358 21197
1790648205.985 112743832 5098392 2482788 382 76951552 5947392 0 11129 14372 21197
1790648206.247 112744014 5098392 2485338 382 76951552 5947392 0 11141 14387 21197
1790648206.517 112744496 5098392 2487992 382 76951552 5947392 0 11151 14403 21197
1790648206.776 112744678 5098392 2490579 382 76951552 5947392 0 11163 14417 21197
1790648207.036 112744920 5098392 2493166 382 76951552 5947392 0 11174 14432 21197
1790648207.296 112745272 5098392 2495775 382 76951552 5947392 0 11186 14446 21197
1790648207.557 112746003 5098392 2498351 382 76951552 5947392 0 11197 14461 21197
1790648207.816 112746377 5098392 2500937 382 76951552 5947392 0 11207 14476 21197
1790648208.076 112746729 5098392 2503518 382 76951552 5947392 0 11219 14490 21197
1790648208.335 112746911 5098392 2506102 382 76951552 5947392 0 11231 14505 21197
1790648208.594 112747093 5098392 2508686 382 76951552 5947392 0 11242 14519 21197
1790648208.854 112747335 5098392 2511274 382 76951552 5947392 0 11254 14533 21197
1790648209.113 112748684 5098392 2513854 382 76951552 5947392 0 11264 14549 21197
1790648209.373 112748866 5098392 2516440 382 76951552 5947392 0 11275 14564 21197
1790648209.636 112749885 5098392 2519043 382 76951552 5947392 0 11286 14579 21197
1790648209.896 112750313 5098392 2521632 382 76951552 5947392 0 11297 14594 21197
1790648210.156 112751246 5098392 2524223 382 76951552 5947392 0 11308 14609 21197
1790648210.416 112751684 5098392 2526817 382 76951552 5947392 0 11320 14623 21197
1790648210.676 112751866 5098392 2529415 382 76951552 5947392 0 11332 14637 21197
1790648210.936 112752048 5098392 2532004 382 76951552 5947392 0 11344 14651 21197
1790648211.196 112752350 5098392 2534602 382 76951552 5947392 0 11356 14665 21197
1790648211.454 112752770 5098392 2537135 382 76951552 5947392 0 11366 14681 21197
1790648211.715 112753005 5098392 2539714 382 76951552 5947392 0 11378 14695 21197
1790648211.977 112753527 5098392 2542337 382 76951552 5947392 0 11388 14711 21197
1790648212.238 112753829 5098392 2544917 382 76951552 5947392 0 11398 14726 21197
1790648212.497 112754011 5098392 2547507 382 76951552 5947392 0 11410 14740 21197
1790648212.759 112754363 5098392 2550107 382 76951552 5947392 0 11422 14755 21197
1790648213.019 112754647 5098392 2552704 382 76951552 5947392 0 11433 14769 21197
1790648213.278 112754829 5098392 2555289 382 76951552 5947392 0 11443 14785 21197
1790648213.538 112755302 5098392 2557883 382 76951552 5947392 0 11454 14800 21197
1790648213.798 112755604 5098392 2560474 382 76951552 5947392 0 11466 14814 21197
1790648214.057 112756032 5098392 2563061 382 76951552 5947392 0 11477 14829 21197
1790648214.317 112756214 5098392 2565648 382 76951552 5947392 0 11487 14845 21197
1790648214.576 112756396 5099086 2568232 383 76951552 5947392 0 11498 14859 21891
1790648214.836 112756578 5099086 2570820 383 76951552 5947392 0 11509 14875 21891
1790648215.095 112757092 5099086 2573406 383 76951552 5947392 0 11521 14889 21891
