# pid 924  clk_tck=
# t rchar wchar syscr syscw read_bytes write_bytes cancelled_write_bytes utime stime hda_pos
1790648250.101 118230428 5284022 2931473 423 77017088 6184960 0 12995 16907 23978
1790648250.366 118230610 5284022 2934069 423 77017088 6184960 0 13006 16923 23978
1790648250.626 118230792 5284022 2936654 423 77017088 6184960 0 13017 16937 23978
1790648250.885 118230974 5284022 2939250 423 77017088 6184960 0 13029 16951 23978
1790648251.145 118231156 5284022 2941845 423 77017088 6184960 0 13040 16966 23978
1790648251.404 118231398 5284022 2944441 423 77017088 6184960 0 13051 16981 23978
1790648251.664 118231871 5284022 2946977 423 77017088 6184960 0 13061 16997 23978
1790648251.935 118233874 5284022 2949623 423 77017088 6184960 0 13072 17015 23978
1790648252.251 118237220 5284056 2952534 424 77017088 6184960 0 13084 17032 24012
1790648252.510 118237402 5284056 2955128 424 77017088 6184960 0 13095 17046 24012
1790648252.771 118237842 5284056 2957718 424 77017088 6184960 0 13105 17062 24012
1790648253.031 118238314 5284056 2960317 424 77017088 6184960 0 13116 17078 24012
1790648253.304 118242653 5284056 2962841 424 77017088 6184960 0 13126 17094 24012
1790648253.565 118244621 5284056 2965359 424 77017088 6184960 0 13138 17108 24012
1790648253.826 118244935 5284056 2967960 424 77017088 6184960 0 13151 17122 24012
1790648254.086 118262259 5284056 2970492 424 77017088 6184960 0 13162 17136 24012
1790648254.347 118262709 5284056 2973104 424 77017088 6184960 0 13173 17151 24012
1790648254.611 118262891 5284056 2975789 424 77017088 6184960 0 13184 17168 24012
1790648254.877 118263073 5284056 2978370 424 77017088 6184960 0 13196 17181 24012
1790648255.137 118263501 5284056 2980962 424 77017088 6184960 0 13208 17195 24012
1790648255.396 118263683 5284056 2983549 424 77017088 6184960 0 13219 17210 24012
1790648255.656 118264216 5284056 2986139 424 77017088 6184960 0 13230 17225 24012
1790648255.917 118264628 5284056 2988735 424 77017088 6184960 0 13240 17241 24012
1790648256.177 118264810 5284056 2991318 424 77017088 6184960 0 13253 17254 24012
1790648256.436 118265162 5284056 2993902 424 77017088 6184960 0 13263 17269 24012
1790648256.695 118265344 5284056 2996427 424 77017088 6184960 0 13274 17284 24012
1790648256.957 118384704 5284056 2998929 424 77017088 6184960 0 13285 17300 24012
1790648257.216 118766326 5284056 3001296 424 77017088 6184960 0 13296 17315 24012
1790648257.475 118784598 5284056 3003857 424 77017088 6184960 0 13306 17330 24012
1790648257.731 118823045 5284056 3006432 424 77017088 6184960 0 13317 17345 24012
1790648257.995 118865741 5284056 3008984 424 77017088 6184960 0 13328 17360 24012
1790648258.255 118865983 5284056 3011572 424 77017088 6184960 0 13339 17375 24012
1790648258.514 118866916 5284056 3014154 424 77017088 6184960 0 13350 17390 24012
1790648258.776 118867534 5284056 3016765 424 77017088 6184960 0 13360 17405 24012
1790648259.037 118868168 5284056 3019352 424 77017088 6184960 0 13371 17421 24012
1790648259.296 118868596 5284056 3021945 424 77017088 6184960 0 13382 17435 24012
1790648259.557 118870268 5284056 3024539 424 77017088 6184960 0 13393 17451 24012
1790648259.817 118870670 5284056 3027133 424 77017088 6184960 0 13404 17465 24012
1790648260.076 118871208 5284056 3029712 424 77017088 6184960 0 13416 17479 24012
1790648260.335 118872196 5284056 3032300 424 77017088 6184960 0 13428 17493 24012
1790648260.595 119032294 5284056 3034805 424 77017088 6184960 0 13440 17507 24012
1790648260.856 119351964 5284056 3037194 424 77017088 6184960 0 13450 17523 24012
1790648261.115 119352146 5284056 3039780 424 77017088 6184960 0 13462 17537 24012
1790648261.374 119432200 5284056 3042319 424 77017088 6184960 0 13473 17552 24012
1790648261.633 119432941 5284056 3044841 424 77017088 6184960 0 13484 17567 24012
1790648261.893 119683033 5285080 3047187 426 77017088 6201344 0 13495 17580 24012
1790648262.155 119779641 5285708 3049751 427 77017088 6201344 0 13505 17596 24640
1790648262.414 119779883 5285708 3052336 427 77017088 6201344 0 13516 17611 24640
1790648262.674 119780323 5285708 3054939 427 77017088 6201344 0 13528 17626 24640
1790648262.935 119809647 5547852 3055123 431 77017088 6549504 0 13545 17630 24640
1790648263.187 119995243 5875532 3055319 436 77017088 6828032 0 13563 17634 24640
1790648263.447 120412319 6072140 3055657 439 77017088 7036928 0 13580 17640 24640
1790648263.707 120831716 6137676 3056041 443 77017088 7118848 0 13600 17644 24640
1790648263.966 121120800 6350668 3056282 456 77017088 7385088 0 13612 17648 24640
1790648264.224 121542614 6432588 3056649 461 77017088 7507968 0 13629 17653 24640
1790648264.482 121600168 6678348 3056935 476 77017088 7794688 0 13643 17658 24640
1790648264.743 121869676 6973260 3057148 488 77017088 8138752 0 13659 17661 24640
1790648265.001 122246424 6973260 3057418 488 77017088 8138752 0 13680 17666 24640
1790648265.253 122532444 7300940 3057625 498 77017088 8544256 0 13693 17671 24640
1790648265.511 122875062 7366476 3057879 500 77017088 8581120 0 13713 17675 24640
1790648265.770 123153869 7563084 3058133 506 77017088 8802304 0 13730 17680 24640
1790648266.028 123386171 7956300 3058279 517 77017088 9240576 0 13744 17684 24640
1790648266.279 123679395 8152908 3058431 521 77017088 9453568 0 13761 17688 24640
1790648266.540 123972509 8349516 3058612 525 77017088 9666560 0 13779 17694 24640
1790648266.814 124265957 8546124 3058772 529 77017088 9879552 0 13795 17698 24640
1790648267.073 124559011 8742732 3058918 533 77017088 10096640 0 13813 17703 24640
1790648267.332 124852243 8955724 3059096 537 77017088 10326016 0 13831 17707 24640
1790648267.590 125145596 9217868 3059250 541 77017088 10604544 0 13849 17712 24640
1790648267.840 125473278 9414476 3059404 544 77017088 10813440 0 13868 17716 24640
1790648268.107 125764972 9611084 3059557 547 77017088 11022336 0 13886 17721 24640
1790648268.365 126038576 9807692 3059737 550 77017088 11231232 0 13904 17726 24640
1790648268.624 126040394 9873228 3062193 551 77017088 11300864 0 13914 17741 24640
1790648268.883 126040644 9873228 3064781 551 77017088 11300864 0 13926 17755 24640
1790648269.143 126041382 9873228 3067361 551 77017088 11300864 0 13937 17769 24640
1790648269.402 126041572 9873228 3069953 551 77017088 11300864 0 13948 17785 24640
1790648269.663 126042599 9873228 3072531 551 77017088 11300864 0 13960 17799 24640
1790648269.923 126043035 9873228 3075120 551 77017088 11300864 0 13970 17814 24640
1790648270.182 126043225 9873228 3077704 551 77017088 11300864 0 13980 17830 24640
1790648270.440 126043415 9873228 3080294 551 77017088 11300864 0 13991 17845 24640
1790648270.700 126043707 9873228 3082879 551 77017088 11300864 0 14002 17860 24640
1790648270.959 126043897 9873228 3085465 551 77017088 11300864 0 14012 17875 24640
1790648271.226 126044087 9873228 3088125 551 77017088 11300864 0 14024 17890 24640
1790648271.486 126044277 9873228 3090716 551 77017088 11300864 0 14035 17905 24640
1790648271.745 126044762 9873228 3093241 551 77017088 11300864 0 14045 17921 24640
1790648272.007 126045292 9873228 3095840 551 77017088 11300864 0 14056 17936 24640
1790648272.266 126045602 9873918 3098422 552 77017088 11300864 0 14068 17950 25330
1790648272.526 126045792 9873918 3101019 552 77017088 11300864 0 14080 17964 25330
1790648272.783 126046546 9873918 3103613 552 77017088 11300864 0 14090 17980 25330
1790648273.056 126230032 9873918 3106122 552 77017088 11300864 0 14102 17994 25330
1790648273.315 126230222 9873918 3108711 552 77017088 11300864 0 14112 18010 25330
1790648273.576 126251303 9873918 3111293 552 77017088 11300864 0 14122 18026 25330
1790648273.835 126251493 9873918 3113851 552 77017088 11300864 0 14133 18041 25330
1790648274.096 126270995 9876990 3116276 558 77017088 11329536 0 14143 18055 25330
1790648274.356 126271185 9876990 3118863 558 77017088 11329536 0 14155 18069 25330
1790648274.616 126271375 9876990 3121452 558 77017088 11329536 0 14166 18084 25330
1790648274.875 126271565 9876990 3124039 558 77017088 11329536 0 14177 18099 25330
1790648275.134 126272001 9876990 3126616 558 77017088 11329536 0 14189 18113 25330
1790648275.394 126272191 9876990 3129203 558 77017088 11329536 0 14200 18128 25330
1790648275.654 126272732 9876990 3131792 558 77017088 11329536 0 14209 18145 25330
1790648275.914 126273092 9876990 3134369 558 77017088 11329536 0 14219 18160 25330
1790648276.173 126273282 9876990 3136954 558 77017088 11329536 0 14230 18176 25330
1790648276.432 126273642 9876990 3139537 558 77017088 11329536 0 14241 18190 25330
1790648276.692 126273836 9876990 3142059 558 77017088 11329536 0 14251 18206 25330
1790648276.951 126274026 9876990 3144645 558 77017088 11329536 0 14263 18220 25330
1790648277.210 126274216 9876990 3147227 558 77017088 11329536 0 14274 18235 25330
1790648277.469 126274576 9876990 3149804 558 77017088 11329536 0 14284 18250 25330
1790648277.729 126275573 9876990 3152416 558 77017088 11329536 0 14295 18265 25330
1790648277.991 126276839 9876990 3154986 558 77017088 11329536 0 14305 18281 25330
1790648278.251 126277089 9876990 3157577 558 77017088 11329536 0 14315 18297 25330
1790648278.510 126277279 9876990 3160162 558 77017088 11329536 0 14326 18312 25330
1790648278.769 126277469 9876990 3162750 558 77017088 11329536 0 14337 18327 25330
1790648279.029 126278501 9876990 3165325 558 77017088 11329536 0 14348 18342 25330
1790648279.288 126278691 9876990 3167908 558 77017088 11329536 0 14359 18357 25330
1790648279.548 126279172 9876990 3170496 558 77017088 11329536 0 14369 18372 25330
1790648279.808 126279362 9876990 3173087 558 77017088 11329536 0 14380 18387 25330
1790648280.067 126279798 9876990 3175668 558 77017088 11329536 0 14392 18401 25330
1790648280.326 126279988 9876990 3178254 558 77017088 11329536 0 14403 18416 25330
1790648280.585 126280178 9876990 3180837 558 77017088 11329536 0 14413 18432 25330
1790648280.844 126280368 9876990 3183427 558 77017088 11329536 0 14423 18447 25330
1790648281.104 126280558 9876990 3186015 558 77017088 11329536 0 14434 18463 25330
1790648281.363 126281012 9876990 3188589 558 77017088 11329536 0 14445 18478 25330
1790648281.623 126281773 9876990 3191175 558 77017088 11329536 0 14456 18493 25330
1790648281.901 126282193 9876990 3193902 558 77017088 11329536 0 14468 18508 25330
1790648282.161 126282613 9877683 3196494 559 77017088 11329536 0 14478 18524 26023
1790648282.420 126282803 9877683 3199083 559 77017088 11329536 0 14490 18538 26023
1790648282.680 126282993 9877683 3201674 559 77017088 11329536 0 14502 18552 26023
1790648282.939 126283731 9877683 3204257 559 77017088 11329536 0 14514 18566 26023
1790648283.198 126283921 9877683 3206843 559 77017088 11329536 0 14524 18581 26023
1790648283.458 126284111 9877683 3209425 559 77017088 11329536 0 14535 18597 26023
1790648283.717 126284592 9877683 3212008 559 77017088 11329536 0 14543 18614 26023
1790648283.976 126285004 9877683 3214598 559 77017088 11329536 0 14553 18630 26023
1790648284.237 126285440 9877683 3217184 559 77017088 11329536 0 14563 18645 26023
1790648284.496 126285882 9877683 3219775 559 77017088 11329536 0 14575 18660 26023
1790648284.756 126286072 9877683 3222360 559 77017088 11329536 0 14586 18675 26023
1790648285.016 126286780 9877683 3224942 559 77017088 11329536 0 14597 18690 26023
1790648285.277 126288407 9877683 3227550 559 77017088 11329536 0 14608 18704 26023
1790648285.537 126288888 9877683 3230131 559 77017088 11329536 0 14619 18720 26023
1790648285.796 126289248 9877683 3232717 559 77017088 11329536 0 14630 18734 26023
1790648286.057 126290189 9877683 3235328 559 77017088 11329536 0 14639 18751 26023
1790648286.319 126290549 9877683 3237928 559 77017088 11329536 0 14650 18766 26023
1790648286.580 126291228 9877683 3240527 559 77017088 11329536 0 14660 18782 26023
1790648286.842 126291638 9877683 3243071 559 77017088 11329536 0 14672 18797 26023
1790648287.101 126291828 9877683 3245660 559 77017088 11329536 0 14682 18812 26023
1790648287.360 126292188 9877683 3248257 559 77017088 11329536 0 14694 18827 26023
1790648287.629 126292669 9877683 3250914 559 77017088 11329536 0 14705 18841 26023
1790648287.891 126293089 9877683 3253523 559 77017088 11329536 0 14716 18857 26023
1790648288.151 126293419 9877683 3256113 559 77017088 11329536 0 14729 18870 26023
1790648288.411 126293609 9877683 3258706 559 77017088 11329536 0 14740 18885 26023
1790648288.669 126293799 9877683 3261290 559 77017088 11329536 0 14751 18900 26023
1790648288.929 126294219 9877683 3263878 559 77017088 11329536 0 14764 18913 26023
1790648289.189 126295023 9877683 3266477 559 77017088 11329536 0 14776 18926 26023
1790648289.451 126295767 9877683 3269071 559 77017088 11329536 0 14787 18942 26023
1790648289.710 126297970 9877683 3271652 559 77017088 11329536 0 14797 18957 26023
1790648289.970 126298406 9877683 3274238 559 77017088 11329536 0 14808 18972 26023
1790648290.229 126299340 9877683 3276826 559 77017088 11329536 0 14818 18988 26023
1790648290.488 126299530 9877683 3279417 559 77017088 11329536 0 14830 19002 26023
1790648290.748 126301194 9877683 3281997 559 77017088 11329536 0 14840 19018 26023
1790648291.006 126301384 9877683 3284578 559 77017088 11329536 0 14851 19032 26023
1790648291.266 126301574 9877683 3287170 559 77017088 11329536 0 14862 19048 26023
1790648291.526 126302055 9877683 3289760 559 77017088 11329536 0 14873 19062 26023
1790648291.786 126302401 9877683 3292294 559 77017088 11329536 0 14883 19078 26023
1790648292.045 126302931 9877683 3294873 559 77017088 11329536 0 14893 19094 26023
1790648292.305 126303121 9878376 3297459 560 77017088 11329536 0 14904 19109 26716
1790648292.564 126303311 9878376 3300049 560 77017088 11329536 0 14916 19123 26716
1790648292.824 126303931 9878376 3302643 560 77017088 11329536 0 14928 19137 26716
