# pid 924  clk_tck=
# t rchar wchar syscr syscw read_bytes write_bytes cancelled_write_bytes utime stime hda_pos
1790648328.400 131419727 10063870 3668915 601 77017088 11563008 0 16407 21209 28800
1790648328.667 131419917 10063870 3671525 601 77017088 11563008 0 16418 21224 28800
1790648328.928 131420277 10063870 3674145 601 77017088 11563008 0 16428 21240 28800
1790648329.184 131420773 10063870 3676750 601 77017088 11563008 0 16439 21256 28800
1790648329.450 131422985 10063870 3679357 601 77017088 11563008 0 16449 21271 28800
1790648329.709 131424012 10063870 3681951 601 77017088 11563008 0 16460 21286 28800
1790648329.970 131424448 10063870 3684559 601 77017088 11563008 0 16470 21302 28800
1790648330.248 131427513 10063870 3687273 601 77017088 11563008 0 16481 21319 28800
1790648330.539 131429867 10063904 3689924 602 77017088 11563008 0 16492 21336 28834
1790648330.800 131430189 10063904 3692531 602 77017088 11563008 0 16503 21351 28834
1790648331.059 131430379 10063904 3695124 602 77017088 11563008 0 16512 21368 28834
1790648331.318 131430569 10063904 3697714 602 77017088 11563008 0 16523 21382 28834
1790648331.587 131435165 10063904 3700193 602 77017088 11563008 0 16535 21397 28834
1790648331.854 131437152 10063904 3702762 602 77017088 11563008 0 16545 21413 28834
1790648332.116 131437632 10063904 3705315 602 77017088 11563008 0 16556 21428 28834
1790648332.375 131454718 10063904 3707844 602 77017088 11563008 0 16568 21442 28834
1790648332.637 131455176 10063904 3710453 602 77017088 11563008 0 16579 21457 28834
1790648332.897 131455536 10063904 3713040 602 77017088 11563008 0 16590 21472 28834
1790648333.156 131455726 10063904 3715628 602 77017088 11563008 0 16601 21487 28834
1790648333.414 131455916 10063904 3718216 602 77017088 11563008 0 16611 21502 28834
1790648333.672 131456517 10063904 3720808 602 77017088 11563008 0 16623 21517 28834
1790648333.933 131457253 10063904 3723399 602 77017088 11563008 0 16634 21531 28834
1790648334.193 131457689 10063904 3725989 602 77017088 11563008 0 16644 21547 28834
1790648334.452 131458720 10063904 3728628 602 77017088 11563008 0 16656 21561 28834
1790648334.727 131459166 10063904 3731333 602 77017088 11563008 0 16667 21577 28834
1790648334.988 131459356 10063904 3733926 602 77017088 11563008 0 16679 21591 28834
1790648335.248 131539664 10063904 3736463 602 77017088 11563008 0 16690 21606 28834
1790648335.506 131540605 10063904 3739061 602 77017088 11563008 0 16701 21621 28834
1790648335.765 131541342 10063904 3741647 602 77017088 11563008 0 16711 21637 28834
1790648336.026 131541702 10063904 3744230 602 77017088 11563008 0 16724 21650 28834
1790648336.285 131541892 10063904 3746824 602 77017088 11563008 0 16734 21666 28834
1790648336.548 131542252 10063904 3749494 602 77017088 11563008 0 16746 21681 28834
1790648336.813 131542544 10063904 3752088 602 77017088 11563008 0 16758 21695 28834
1790648337.072 131542854 10063904 3754622 602 77017088 11563008 0 16768 21710 28834
1790648337.331 131543214 10063904 3757231 602 77017088 11563008 0 16779 21725 28834
1790648337.592 131543695 10063904 3759832 602 77017088 11563008 0 16790 21740 28834
1790648337.853 131543885 10063904 3762424 602 77017088 11563008 0 16799 21757 28834
1790648338.113 131545121 10063904 3765014 602 77017088 11563008 0 16809 21772 28834
1790648338.373 131545311 10063904 3767613 602 77017088 11563008 0 16819 21789 28834
1790648338.632 131545501 10063904 3770203 602 77017088 11563008 0 16830 21804 28834
1790648338.892 131545691 10063904 3772799 602 77017088 11563008 0 16841 21819 28834
1790648339.153 131546657 10063904 3775396 602 77017088 11563008 0 16852 21833 28834
1790648339.414 131546847 10063904 3777995 602 77017088 11563008 0 16863 21848 28834
1790648339.673 131547874 10063904 3780589 602 77017088 11563008 0 16873 21864 28834
1790648339.934 131920290 10064928 3782801 604 77017088 11579392 0 16884 21877 28834
1790648340.194 131980118 10064928 3785372 604 77017088 11579392 0 16896 21892 28834
1790648340.453 131980374 10065548 3787961 605 77017088 11579392 0 16906 21907 29454
1790648340.713 131980564 10065548 3790551 605 77017088 11579392 0 16917 21922 29454
1790648340.972 132009434 10327692 3790746 609 77017088 11870208 0 16934 21926 29454
1790648341.230 132194978 10655372 3790930 614 77017088 12206080 0 16953 21930 29454
1790648341.488 132594020 10786444 3791277 616 77017088 12414976 0 16970 21936 29454
1790648341.736 132993355 10884748 3791627 619 77017088 12476416 0 16985 21941 29454
1790648341.986 133302613 11114124 3791902 633 77017088 12763136 0 16998 21944 29454
1790648342.242 133705067 11212428 3792267 639 77017088 12869632 0 17015 21950 29454
1790648342.499 133798469 11425420 3792565 652 77017088 13156352 0 17030 21954 29454
1790648342.759 134032145 11687564 3792775 665 77017088 13451264 0 17044 21959 29454
1790648343.018 134410621 11753100 3793045 666 77017088 13520896 0 17065 21963 29454
1790648343.271 134706875 11949708 3793272 672 77017088 13742080 0 17082 21966 29454
1790648343.528 135020978 12146316 3793506 678 77017088 13963264 0 17099 21971 29454
1790648343.789 135351654 12277388 3793752 682 77017088 14147584 0 17117 21976 29454
1790648344.049 135530032 12686988 3793908 694 77017088 14569472 0 17131 21980 29454
1790648344.309 135859300 12883596 3794082 698 77017088 14782464 0 17150 21984 29454
1790648344.566 136153900 13129356 3794237 703 77017088 15048704 0 17168 21988 29454
1790648344.826 136409584 13276812 3794392 706 77017088 15208448 0 17184 21992 29454
1790648345.074 136684972 13473420 3794531 710 77017088 15421440 0 17198 21996 29454
1790648345.334 136942194 13670028 3794685 714 77017088 15634432 0 17214 21999 29454
1790648345.593 137234111 13866636 3794836 717 77017088 15843328 0 17234 22002 29454
1790648345.854 137507885 14063244 3794980 720 77017088 16052224 0 17253 22007 29454
1790648346.109 137818999 14325388 3795135 724 77017088 16330752 0 17272 22011 29454
1790648346.369 138146533 14521996 3795296 727 77017088 16539648 0 17292 22013 29454
1790648346.628 138239399 14653068 3796681 729 77017088 16678912 0 17306 22024 29454
1790648346.887 138239589 14653068 3799265 729 77017088 16678912 0 17316 22039 29454
1790648347.146 138239783 14653068 3801784 729 77017088 16678912 0 17328 22053 29454
1790648347.404 138240638 14653068 3804393 729 77017088 16678912 0 17338 22069 29454
1790648347.666 138241239 14653068 3806981 729 77017088 16678912 0 17349 22084 29454
1790648347.927 138241599 14653068 3809564 729 77017088 16678912 0 17359 22099 29454
1790648348.187 138241849 14653068 3812156 729 77017088 16678912 0 17370 22115 29454
1790648348.446 138242039 14653068 3814749 729 77017088 16678912 0 17382 22129 29454
1790648348.705 138242229 14653068 3817344 729 77017088 16678912 0 17392 22144 29454
1790648348.964 138242589 14653068 3819923 729 77017088 16678912 0 17404 22158 29454
1790648349.224 138243085 14653068 3822517 729 77017088 16678912 0 17414 22174 29454
1790648349.484 138243275 14653068 3825114 729 77017088 16678912 0 17425 22189 29454
1790648349.744 138243756 14653068 3827709 729 77017088 16678912 0 17435 22205 29454
1790648350.003 138243946 14653068 3830295 729 77017088 16678912 0 17447 22219 29454
1790648350.263 138244382 14653068 3832896 729 77017088 16678912 0 17458 22234 29454
1790648350.521 138244572 14653757 3835485 730 77017088 16678912 0 17469 22249 30143
1790648350.782 138244762 14653757 3838079 730 77017088 16678912 0 17480 22264 30143
1790648351.041 138324312 14653757 3840597 730 77017088 16678912 0 17491 22279 30143
1790648351.301 138324604 14653757 3843191 730 77017088 16678912 0 17501 22295 30143
1790648351.559 138345565 14653757 3845771 730 77017088 16678912 0 17512 22309 30143
1790648351.820 138345851 14653757 3848369 730 77017088 16678912 0 17523 22324 30143
1790648352.081 138365327 14656829 3850633 736 77017088 16707584 0 17533 22338 30143
1790648352.340 138365517 14656829 3853226 736 77017088 16707584 0 17544 22353 30143
1790648352.600 138365707 14656829 3855821 736 77017088 16707584 0 17554 22368 30143
1790648352.859 138366067 14656829 3858424 736 77017088 16707584 0 17564 22385 30143
1790648353.120 138366687 14656829 3861017 736 77017088 16707584 0 17574 22400 30143
1790648353.379 138366877 14656829 3863606 736 77017088 16707584 0 17584 22416 30143
1790648353.639 138367418 14656829 3866193 736 77017088 16707584 0 17595 22431 30143
1790648353.898 138367608 14656829 3868783 736 77017088 16707584 0 17605 22446 30143
1790648354.158 138368044 14656829 3871376 736 77017088 16707584 0 17617 22461 30143
1790648354.417 138368234 14656829 3873969 736 77017088 16707584 0 17627 22476 30143
1790648354.677 138368424 14656829 3876566 736 77017088 16707584 0 17639 22491 30143
1790648354.936 138368614 14656829 3879161 736 77017088 16707584 0 17649 22507 30143
1790648355.206 138369182 14656829 3881836 736 77017088 16707584 0 17660 22523 30143
1790648355.465 138369372 14656829 3884434 736 77017088 16707584 0 17670 22538 30143
1790648355.725 138369919 14656829 3887025 736 77017088 16707584 0 17681 22553 30143
1790648355.985 138370279 14656829 3889623 736 77017088 16707584 0 17692 22568 30143
1790648356.245 138370469 14656829 3892215 736 77017088 16707584 0 17702 22584 30143
1790648356.504 138370889 14656829 3894807 736 77017088 16707584 0 17711 22601 30143
1790648356.764 138371079 14656829 3897397 736 77017088 16707584 0 17721 22617 30143
1790648357.040 138371819 14656829 3900036 736 77017088 16707584 0 17733 22632 30143
1790648357.300 138372760 14656829 3902630 736 77017088 16707584 0 17743 22647 30143
1790648357.559 138373411 14656829 3905228 736 77017088 16707584 0 17754 22662 30143
1790648357.820 138373601 14656829 3907829 736 77017088 16707584 0 17764 22679 30143
1790648358.080 138374425 14656829 3910418 736 77017088 16707584 0 17774 22694 30143
1790648358.341 138375726 14656829 3913019 736 77017088 16707584 0 17783 22711 30143
1790648358.601 138375916 14656829 3915620 736 77017088 16707584 0 17796 22724 30143
1790648358.861 138376166 14656829 3918208 736 77017088 16707584 0 17806 22740 30143
1790648359.121 138376766 14656829 3920809 736 77017088 16707584 0 17818 22754 30143
1790648359.383 138377322 14656829 3923404 736 77017088 16707584 0 17829 22770 30143
1790648359.642 138377803 14656829 3926000 736 77017088 16707584 0 17839 22785 30143
1790648359.902 138377993 14656829 3928598 736 77017088 16707584 0 17849 22801 30143
1790648360.162 138378429 14656829 3931193 736 77017088 16707584 0 17859 22817 30143
1790648360.422 138378619 14657522 3933784 737 77017088 16707584 0 17871 22831 30836
1790648360.682 138378809 14657522 3936383 737 77017088 16707584 0 17881 22847 30836
1790648360.941 138378999 14657522 3938977 737 77017088 16707584 0 17892 22862 30836
1790648361.201 138379189 14657522 3941572 737 77017088 16707584 0 17903 22877 30836
1790648361.461 138379511 14657522 3944167 737 77017088 16707584 0 17913 22892 30836
1790648361.721 138379992 14657522 3946766 737 77017088 16707584 0 17924 22908 30836
1790648361.982 138380522 14657522 3949367 737 77017088 16707584 0 17934 22923 30836
1790648362.242 138380772 14657522 3951906 737 77017088 16707584 0 17945 22938 30836
1790648362.501 138380962 14657522 3954496 737 77017088 16707584 0 17955 22954 30836
1790648362.761 138381152 14657522 3957086 737 77017088 16707584 0 17966 22969 30836
1790648363.020 138381512 14657522 3959675 737 77017088 16707584 0 17976 22986 30836
1790648363.280 138381822 14657522 3962261 737 77017088 16707584 0 17986 23001 30836
1790648363.539 138382065 14657522 3964857 737 77017088 16707584 0 17997 23016 30836
1790648363.799 138382493 14657522 3967454 737 77017088 16707584 0 18006 23033 30836
1790648364.059 138382683 14657522 3970048 737 77017088 16707584 0 18017 23048 30836
1790648364.319 138383239 14657522 3972636 737 77017088 16707584 0 18027 23063 30836
1790648364.579 138383429 14657522 3975218 737 77017088 16707584 0 18039 23078 30836
1790648364.838 138383619 14657522 3977816 737 77017088 16707584 0 18050 23092 30836
1790648365.099 138384055 14657522 3980421 737 77017088 16707584 0 18061 23107 30836
1790648365.358 138384245 14657522 3983009 737 77017088 16707584 0 18072 23122 30836
1790648365.619 138384786 14657522 3985609 737 77017088 16707584 0 18083 23137 30836
1790648365.878 138385146 14657522 3988199 737 77017088 16707584 0 18092 23154 30836
1790648366.138 138385336 14657522 3990796 737 77017088 16707584 0 18104 23168 30836
1790648366.398 138385696 14657522 3993383 737 77017088 16707584 0 18115 23183 30836
1790648366.657 138385886 14657522 3995976 737 77017088 16707584 0 18126 23198 30836
1790648366.917 138386076 14657522 3998567 737 77017088 16707584 0 18136 23214 30836
1790648367.176 138386266 14657522 4001102 737 77017088 16707584 0 18146 23229 30836
1790648367.435 138386626 14657522 4003683 737 77017088 16707584 0 18158 23244 30836
1790648367.695 138387107 14657522 4006279 737 77017088 16707584 0 18169 23258 30836
1790648367.955 138387527 14657522 4008864 737 77017088 16707584 0 18180 23273 30836
1790648368.214 138388327 14657522 4011457 737 77017088 16707584 0 18191 23288 30836
1790648368.475 138388637 14657522 4014051 737 77017088 16707584 0 18202 23303 30836
1790648368.734 138388827 14657522 4016642 737 77017088 16707584 0 18214 23317 30836
1790648368.993 138389187 14657522 4019223 737 77017088 16707584 0 18225 23331 30836
1790648369.253 138389683 14657522 4021814 737 77017088 16707584 0 18236 23346 30836
1790648369.513 138389873 14657522 4024400 737 77017088 16707584 0 18248 23361 30836
1790648369.772 138390900 14657522 4026983 737 77017088 16707584 0 18258 23376 30836
1790648370.032 138391336 14657522 4029573 737 77017088 16707584 0 18268 23393 30836
1790648370.291 138391526 14657522 4032164 737 77017088 16707584 0 18278 23408 30836
1790648370.550 138391806 14658215 4034757 738 77017088 16707584 0 18288 23424 31529
1790648370.810 138391996 14658215 4037351 738 77017088 16707584 0 18298 23440 31529
1790648371.069 138392252 14658215 4039940 738 77017088 16707584 0 18310 23454 31529
