1790736393 1849 9 rx:16
1790736475 1851 10 rx:18
1790736492 2683 23 rx:914
1790736493 3533 37 rx:1700
1790736494 4472 52 rx:2639
1790736495 5418 68 rx:3585
1790736496 6341 83 rx:4508
1790736497 7307 99 rx:5474
1790736498 8136 112 rx:6303
1790736499 9139 128 rx:7306
1790736500 9965 141 rx:8196
1790736501 10989 157 rx:9156
1790736502 11746 169 rx:9913
1790736503 12601 183 rx:10768
1790736504 13536 198 rx:11703
1790736505 14357 211 rx:12524
1790736506 15340 227 rx:13507
1790736507 16135 241 rx:14302
1790736508 17130 257 rx:15297
1790736509 17930 270 rx:16097
1790736511 18865 286 rx:17032
1790736512 19697 299 rx:17864
1790736513 20696 315 rx:18863
1790736514 21412 327 rx:19579
1790736515 22376 343 rx:20543
1790736516 23232 358 rx:21399
1790736517 24213 374 rx:22380
1790736518 24974 388 rx:23141
1790736519 25792 402 rx:23959
1790736520 26377 414 rx:24544
1790736521 26827 423 rx:24994
