# pid 900  clk_tck=
# t rchar wchar syscr syscw read_bytes write_bytes cancelled_write_bytes utime stime hda_pos
1790647316.205 149397533 14965805 5111857 864 77066240 17129472 0 22479 29690 38647
1790647316.464 149397855 14965805 5114428 864 77066240 17129472 0 22490 29704 38647
1790647316.723 149398111 14965805 5116995 864 77066240 17129472 0 22499 29721 38647
1790647316.982 149398775 14965805 5119556 864 77066240 17129472 0 22511 29735 38647
1790647317.241 149399031 14965805 5122122 864 77066240 17129472 0 22521 29750 38647
1790647317.500 149399340 14965805 5124690 864 77066240 17129472 0 22532 29766 38647
1790647317.759 149399766 14965805 5127201 864 77066240 17129472 0 22542 29782 38647
1790647318.028 149403666 14965805 5129796 864 77066240 17129472 0 22552 29800 38647
1790647318.344 149410742 14965839 5132677 865 77066240 17129472 0 22563 29816 38681
1790647318.604 149411168 14965839 5135245 865 77066240 17129472 0 22574 29832 38681
1790647318.864 149411662 14965839 5137817 865 77066240 17129472 0 22583 29849 38681
1790647319.123 149413447 14965839 5140385 865 77066240 17129472 0 22593 29865 38681
1790647319.392 149424974 14965839 5142887 865 77066240 17129472 0 22604 29880 38681
1790647319.668 149635506 14965839 5145520 865 77066240 17129472 0 22615 29897 38681
1790647319.929 149657309 14965839 5148062 865 77066240 17129472 0 22626 29912 38681
1790647320.188 149659813 14965839 5150623 865 77066240 17129472 0 22636 29927 38681
1790647320.448 150346496 14965839 5151024 865 77721600 17129472 0 22656 29934 38681
1790647320.713 151064859 14965839 5151255 865 78012416 17129472 0 22677 29938 38681
1790647320.972 151524835 14965839 5152424 865 78012416 17129472 0 22695 29947 38681
1790647321.231 151527157 14965839 5154996 865 78012416 17129472 0 22705 29962 38681
1790647321.492 151527636 14965839 5157558 865 78012416 17129472 0 22715 29978 38681
1790647321.750 152226942 14965839 5157787 865 78012416 17129472 0 22736 29983 38681
1790647322.014 152926838 14965839 5158006 865 78667776 17129472 0 22758 29988 38681
1790647322.275 153482628 14965839 5158741 865 79060992 17129472 0 22775 29996 38681
1790647322.536 154074430 14965839 5159304 865 79482880 17129472 0 22794 30003 38681
1790647322.794 154190408 15162447 5159916 868 79508992 17346560 0 22808 30011 38681
1790647323.052 154197186 15424591 5160090 872 79519232 17629184 0 22825 30016 38681
1790647323.313 154208990 15752271 5160331 877 79532032 17977344 0 22841 30019 38681
1790647323.572 154215451 16014415 5160838 881 79542272 18255872 0 22856 30027 38681
1790647323.830 154223457 16342095 5160986 886 79555072 18604032 0 22873 30030 38681
1790647324.088 154229863 16538703 5161512 889 79565312 18882560 0 22888 30036 38681
1790647324.345 154236837 16866383 5161691 894 79575552 19161088 0 22905 30041 38681
1790647324.603 154244781 17128527 5161909 898 79588352 19509248 0 22920 30045 38681
1790647324.858 154249891 17390671 5162086 902 79596032 19718144 0 22935 30049 38681
1790647325.121 154256299 17652815 5162448 906 79606272 19996672 0 22951 30054 38681
1790647325.377 154264305 17980495 5162601 911 79619072 20344832 0 22967 30057 38681
1790647325.636 154270936 18242639 5163019 915 79629312 20623360 0 22983 30063 38681
1790647325.896 154279052 18570319 5163216 920 79642112 20971520 0 23000 30067 38681
1790647326.148 154287580 18832463 5163560 924 79652352 21250048 0 23016 30072 38681
1790647326.405 154392294 18924623 5165310 929 79759872 21360640 0 23026 30084 38681
1790647326.666 154392925 18924623 5167872 929 79759872 21360640 0 23037 30099 38681
1790647326.927 154417143 18925135 5170352 930 79759872 21368832 0 23047 30115 38681
1790647327.187 154445819 18930767 5172515 939 79759872 21401600 0 23054 30129 38681
1790647327.447 154446075 18930767 5175094 939 79759872 21401600 0 23065 30144 38681
1790647327.706 154448092 18931791 5177552 941 79759872 21409792 0 23075 30160 38681
1790647327.967 154450030 18932815 5180012 943 79759872 21417984 0 23084 30176 38681
1790647328.226 154450532 18933499 5182579 944 79759872 21417984 0 23093 30193 39365
1790647328.486 154450788 18933499 5185144 944 79759872 21417984 0 23102 30210 39365
1790647328.745 154451214 18933499 5187716 944 79759872 21417984 0 23112 30226 39365
1790647329.004 154451828 18933499 5190290 944 79759872 21417984 0 23121 30242 39365
1790647329.263 154452330 18933499 5192851 944 79759872 21417984 0 23132 30258 39365
1790647329.522 154452639 18933499 5195420 944 79759872 21417984 0 23142 30273 39365
1790647329.782 154453027 18933499 5197992 944 79759872 21417984 0 23153 30289 39365
1790647330.040 154453283 18933499 5200559 944 79759872 21417984 0 23162 30305 39365
1790647330.299 154453539 18933499 5203139 944 79759872 21417984 0 23172 30321 39365
1790647330.559 154453795 18933499 5205709 944 79759872 21417984 0 23183 30336 39365
1790647330.819 154454289 18933499 5208278 944 79759872 21417984 0 23193 30352 39365
1790647331.078 154454545 18933499 5210852 944 79759872 21417984 0 23203 30368 39365
1790647331.337 154454801 18933499 5213420 944 79759872 21417984 0 23214 30383 39365
1790647331.597 154455546 18933499 5215994 944 79759872 21417984 0 23224 30398 39365
1790647331.857 154455802 18933499 5218564 944 79759872 21417984 0 23233 30415 39365
1790647332.116 154456058 18933499 5221135 944 79759872 21417984 0 23244 30430 39365
1790647332.375 154456416 18933499 5223711 944 79759872 21417984 0 23254 30446 39365
1790647332.634 154456842 18933499 5226282 944 79759872 21417984 0 23266 30460 39365
1790647332.894 154457336 18933499 5228789 944 79759872 21417984 0 23275 30476 39365
1790647333.153 154459004 18933499 5231360 944 79759872 21417984 0 23285 30493 39365
1790647333.412 154459754 18933499 5233917 944 79759872 21417984 0 23295 30509 39365
1790647333.673 154462701 18933499 5236509 944 79759872 21417984 0 23306 30524 39365
1790647333.934 154463813 18933499 5239075 944 79759872 21417984 0 23316 30539 39365
1790647334.194 154465853 18933499 5241637 944 79759872 21417984 0 23326 30555 39365
1790647334.455 154470707 18933499 5244220 944 79759872 21417984 0 23336 30571 39365
1790647334.715 154470963 18933499 5246785 944 79759872 21417984 0 23347 30586 39365
1790647334.974 154471457 18933499 5249352 944 79759872 21417984 0 23357 30602 39365
1790647335.234 154471713 18933499 5251924 944 79759872 21417984 0 23368 30617 39365
1790647335.493 154474176 18933499 5254487 944 79759872 21417984 0 23377 30634 39365
1790647335.756 154474432 18933499 5257083 944 79759872 21417984 0 23387 30650 39365
1790647336.014 154474858 18933499 5259649 944 79759872 21417984 0 23398 30665 39365
1790647336.274 154475886 18933499 5262217 944 79759872 21417984 0 23409 30680 39365
1790647336.533 154476202 18933499 5264787 944 79759872 21417984 0 23418 30696 39365
1790647336.793 154476458 18933499 5267355 944 79759872 21417984 0 23428 30712 39365
1790647337.052 154477758 18933499 5269949 944 79759872 21417984 0 23439 30728 39365
1790647337.314 154478014 18933499 5272519 944 79759872 21417984 0 23448 30744 39365
1790647337.573 154478493 18933499 5275088 944 79759872 21417984 0 23459 30759 39365
1790647337.832 154478749 18933499 5277598 944 79759872 21417984 0 23470 30774 39365
1790647338.092 154479005 18933499 5280167 944 79759872 21417984 0 23480 30791 39365
1790647338.351 154479639 18934185 5282735 945 79759872 21417984 0 23490 30806 40051
1790647338.610 154480065 18934185 5285304 945 79759872 21417984 0 23499 30823 40051
1790647338.870 154480619 18934185 5287873 945 79759872 21417984 0 23509 30839 40051
1790647339.129 154481121 18934185 5290440 945 79759872 21417984 0 23519 30855 40051
1790647339.388 154481841 18934185 5293006 945 79759872 21417984 0 23529 30871 40051
1790647339.646 154482270 18934185 5295565 945 79759872 21417984 0 23539 30886 40051
1790647339.906 154482616 18934185 5298132 945 79759872 21417984 0 23550 30901 40051
1790647340.165 154482872 18934185 5300699 945 79759872 21417984 0 23560 30917 40051
1790647340.424 154483248 18934185 5303276 945 79759872 21417984 0 23570 30933 40051
1790647340.683 154483504 18934185 5305841 945 79759872 21417984 0 23581 30948 40051
1790647340.942 154483998 18934185 5308410 945 79759872 21417984 0 23590 30964 40051
1790647341.202 154484254 18934185 5310980 945 79759872 21417984 0 23601 30979 40051
1790647341.462 154484680 18934185 5313562 945 79759872 21417984 0 23611 30996 40051
1790647341.727 154485425 18934185 5316177 945 79759872 21417984 0 23621 31012 40051
1790647341.987 154485771 18934185 5318750 945 79759872 21417984 0 23632 31027 40051
1790647342.245 154486087 18934185 5321319 945 79759872 21417984 0 23641 31043 40051
1790647342.505 154486513 18934185 5323887 945 79759872 21417984 0 23651 31059 40051
1790647342.764 154486769 18934185 5326454 945 79759872 21417984 0 23662 31074 40051
1790647343.025 154487263 18934185 5328988 945 79759872 21417984 0 23673 31090 40051
1790647343.285 154487765 18934185 5331567 945 79759872 21417984 0 23683 31106 40051
1790647343.548 154488074 18934185 5334191 945 79759872 21417984 0 23692 31122 40051
1790647343.810 154488876 18934185 5336757 945 79759872 21417984 0 23703 31137 40051
1790647344.067 154489132 18934185 5339325 945 79759872 21417984 0 23714 31153 40051
1790647344.329 154489634 18934185 5341893 945 79759872 21417984 0 23723 31169 40051
1790647344.588 154489950 18934185 5344462 945 79759872 21417984 0 23733 31186 40051
1790647344.847 154490534 18934185 5347037 945 79759872 21417984 0 23742 31202 40051
1790647345.107 154490922 18934185 5349607 945 79759872 21417984 0 23753 31217 40051
1790647345.366 154491238 18934185 5352180 945 79759872 21417984 0 23763 31233 40051
1790647345.625 154491777 18934185 5354746 945 79759872 21417984 0 23775 31247 40051
1790647345.886 154492293 18934185 5357331 945 79759872 21417984 0 23786 31262 40051
1790647346.145 154492549 18934185 5359891 945 79759872 21417984 0 23796 31277 40051
1790647346.404 154492805 18934185 5362463 945 79759872 21417984 0 23808 31292 40051
1790647346.663 154493812 18934185 5365029 945 79759872 21417984 0 23818 31307 40051
1790647346.923 154494732 18934185 5367598 945 79759872 21417984 0 23828 31323 40051
1790647347.182 154494988 18934185 5370176 945 79759872 21417984 0 23839 31338 40051
1790647347.442 154495244 18934185 5372745 945 79759872 21417984 0 23850 31354 40051
1790647347.701 154496474 18934185 5375310 945 79759872 21417984 0 23860 31369 40051
1790647347.959 154496790 18934185 5377815 945 79759872 21417984 0 23870 31385 40051
1790647348.221 154497412 18934873 5380384 946 79759872 21417984 0 23879 31402 40739
1790647348.480 154497668 18934873 5382955 946 79759872 21417984 0 23889 31418 40739
1790647348.740 154498094 18934873 5385527 946 79759872 21417984 0 23898 31435 40739
1790647349.000 154498588 18934873 5388095 946 79759872 21417984 0 23907 31451 40739
1790647349.259 154499636 18934873 5390655 946 79759872 21417984 0 23917 31467 40739
1790647349.518 154500375 18934873 5393220 946 79759872 21417984 0 23928 31482 40739
1790647349.777 154500631 18934873 5395786 946 79759872 21417984 0 23939 31497 40739
1790647350.036 154501007 18934873 5398352 946 79759872 21417984 0 23948 31514 40739
1790647350.297 154501365 18934873 5400935 946 79759872 21417984 0 23958 31530 40739
1790647350.555 154501621 18934873 5403506 946 79759872 21417984 0 23969 31545 40739
1790647350.815 154502115 18934873 5406081 946 79759872 21417984 0 23979 31561 40739
1790647351.075 154502371 18934873 5408652 946 79759872 21417984 0 23988 31578 40739
1790647351.334 154502687 18934873 5411221 946 79759872 21417984 0 23998 31594 40739
1790647351.593 154504242 18934873 5413782 946 79759872 21417984 0 24009 31609 40739
1790647351.855 154506694 18934873 5416355 946 79759872 21417984 0 24019 31624 40739
1790647352.118 154509148 18934873 5418946 946 79759872 21417984 0 24028 31641 40739
1790647352.377 154510320 18934873 5421517 946 79759872 21417984 0 24039 31657 40739
1790647352.637 154512994 18934873 5424089 946 79759872 21417984 0 24049 31672 40739
1790647352.896 154516586 18934873 5426582 946 79759872 21417984 0 24059 31688 40739
1790647353.155 154517388 18934873 5429130 946 79759872 21417984 0 24069 31704 40739
1790647353.414 154517950 18934873 5431698 946 79759872 21417984 0 24079 31720 40739
1790647353.674 154518391 18934873 5434270 946 79759872 21417984 0 24089 31736 40739
1790647353.933 154520271 18934873 5436833 946 79759872 21417984 0 24099 31752 40739
1790647354.194 154520773 18934873 5439414 946 79759872 21417984 0 24109 31768 40739
1790647354.454 154522149 18934873 5441989 946 79759872 21417984 0 24120 31783 40739
1790647354.713 154522585 18934873 5444551 946 79759872 21417984 0 24131 31798 40739
1790647354.971 154523079 18934873 5447121 946 79759872 21417984 0 24140 31815 40739
1790647355.232 154523335 18934873 5449689 946 79759872 21417984 0 24149 31832 40739
1790647355.493 154524640 18934873 5452277 946 79759872 21417984 0 24158 31848 40739
1790647355.753 154525126 18934873 5454845 946 79759872 21417984 0 24169 31864 40739
1790647356.014 154525612 18934873 5457418 946 79759872 21417984 0 24178 31880 40739
1790647356.272 154525868 18934873 5459981 946 79759872 21417984 0 24188 31896 40739
1790647356.532 154526670 18934873 5462548 946 79759872 21417984 0 24197 31913 40739
1790647356.791 154526926 18934873 5465111 946 79759872 21417984 0 24208 31928 40739
1790647357.050 154527590 18934873 5467678 946 79759872 21417984 0 24218 31944 40739
1790647357.310 154527906 18934873 5470250 946 79759872 21417984 0 24228 31959 40739
1790647357.570 154529053 18934873 5472823 946 79759872 21417984 0 24238 31975 40739
1790647357.829 154529569 18934873 5475384 946 79759872 21417984 0 24247 31992 40739
1790647358.095 154529825 18934873 5477982 946 79759872 21417984 0 24257 32009 40739
1790647358.356 154530437 18935561 5480553 947 79759872 21417984 0 24266 32025 41427
1790647358.616 154531035 18935561 5483123 947 79759872 21417984 0 24275 32042 41427
1790647358.876 154531529 18935561 5485700 947 79759872 21417984 0 24287 32057 41427
1790647359.136 154531785 18935561 5488270 947 79759872 21417984 0 24296 32074 41427
1790647359.396 154532373 18935561 5490842 947 79759872 21417984 0 24306 32090 41427
1790647359.655 154532974 18935561 5493409 947 79759872 21417984 0 24317 32105 41427
1790647359.914 154533230 18935561 5495984 947 79759872 21417984 0 24326 32122 41427
1790647360.180 154533486 18935561 5498601 947 79759872 21417984 0 24337 32137 41427
1790647360.439 154534540 18935561 5501162 947 79759872 21417984 0 24347 32153 41427
1790647360.697 154534916 18935561 5503733 947 79759872 21417984 0 24357 32168 41427
1790647360.959 154535410 18935561 5506305 947 79759872 21417984 0 24366 32185 41427
1790647361.218 154535666 18935561 5508879 947 79759872 21417984 0 24376 32201 41427
1790647361.478 154536145 18935561 5511455 947 79759872 21417984 0 24385 32218 41427
