# pid 900  clk_tck=
# t rchar wchar syscr syscw read_bytes write_bytes cancelled_write_bytes utime stime hda_pos
1790647376.235 157610593 19081423 5662584 967 79759872 21598208 0 25016 33095 42115
1790647376.495 157612065 19081423 5665145 967 79759872 21598208 0 25025 33111 42115
1790647376.754 157612321 19081423 5667705 967 79759872 21598208 0 25035 33127 42115
1790647377.013 157612985 19081423 5670268 967 79759872 21598208 0 25046 33143 42115
1790647377.273 157613343 19081423 5672837 967 79759872 21598208 0 25056 33159 42115
1790647377.530 157613882 19081423 5675403 967 79759872 21598208 0 25067 33173 42115
1790647377.791 157614138 19081423 5677963 967 79759872 21598208 0 25078 33188 42115
1790647378.058 157618038 19081423 5680425 967 79759872 21598208 0 25089 33204 42115
1790647378.384 157626740 19082145 5683461 969 79759872 21598208 0 25101 33222 42837
1790647378.644 157629496 19082145 5686025 969 79759872 21598208 0 25111 33238 42837
1790647378.907 157631852 19082145 5688606 969 79759872 21598208 0 25121 33254 42837
1790647379.168 157633892 19082145 5691186 969 79759872 21598208 0 25131 33270 42837
1790647379.445 157645516 19082145 5693800 969 79759872 21598208 0 25141 33287 42837
1790647379.714 157650695 19082145 5696312 969 79759872 21598208 0 25150 33305 42837
1790647379.975 157651130 19082145 5698903 969 79759872 21598208 0 25160 33321 42837
1790647380.235 157651418 19082145 5701475 969 79759872 21598208 0 25170 33337 42837
1790647380.494 158298659 19082145 5701897 969 79759872 21598208 0 25190 33343 42837
1790647380.754 158997915 19082145 5702110 969 79759872 21598208 0 25211 33348 42837
1790647381.015 159393225 19082145 5703356 969 79759872 21598208 0 25226 33358 42837
1790647381.273 159394163 19082145 5705933 969 79759872 21598208 0 25235 33375 42837
1790647381.535 159521008 19082145 5708083 969 79759872 21598208 0 25247 33389 42837
1790647381.794 160220348 19082145 5708292 969 79759872 21598208 0 25269 33393 42837
1790647382.054 160937404 19082145 5708502 969 79759872 21598208 0 25291 33397 42837
1790647382.313 161475260 19082145 5709234 969 79759872 21598208 0 25310 33404 42837
1790647382.575 161995548 19082145 5710042 969 79759872 21598208 0 25327 33412 42837
1790647382.832 162001956 19344289 5710267 973 79764992 21884928 0 25344 33417 42837
1790647383.091 162010138 19606433 5710453 977 79777792 22224896 0 25359 33423 42837
1790647383.351 162016792 19868577 5710585 981 79788032 22515712 0 25373 33427 42837
1790647383.609 162023253 20130721 5711244 985 79798272 22794240 0 25387 33435 42837
1790647383.868 162029663 20458401 5711394 990 79808512 23072768 0 25404 33439 42837
1790647384.127 162036071 20720545 5711902 994 79818752 23351296 0 25419 33445 42837
1790647384.382 162044393 20982689 5712075 998 79831552 23699456 0 25434 33450 42837
1790647384.641 162051119 21244833 5712545 1002 79841792 23977984 0 25450 33455 42837
1790647384.901 162057767 21572513 5712717 1007 79852032 24256512 0 25467 33460 42837
1790647385.160 162064175 21834657 5713036 1011 79862272 24535040 0 25482 33465 42837
1790647385.419 162072121 22162337 5713186 1016 79875072 24883200 0 25499 33470 42837
1790647385.671 162078812 22424481 5713483 1020 79885312 25161728 0 25511 33475 42837
1790647385.931 162085390 22686625 5713661 1024 79895552 25440256 0 25527 33481 42837
1790647386.187 162093336 23014305 5713850 1029 79908352 25788416 0 25543 33485 42837
1790647386.448 162136096 23040929 5716141 1033 80013312 25829376 0 25552 33500 42837
1790647386.707 162136352 23040929 5718708 1033 80013312 25829376 0 25562 33516 42837
1790647386.962 162168352 23045025 5720915 1041 80013312 25862144 0 25571 33529 42837
1790647387.223 162169101 23045025 5723479 1041 80013312 25862144 0 25581 33545 42837
1790647387.484 162169410 23045025 5726057 1041 80013312 25862144 0 25592 33560 42837
1790647387.744 162171374 23046049 5728529 1043 80013312 25870336 0 25602 33576 42837
1790647388.004 162173168 23047073 5730990 1045 80013312 25878528 0 25611 33592 42837
1790647388.263 162173674 23047755 5733496 1046 80013312 25878528 0 25620 33609 43519
1790647388.523 162173930 23047755 5736063 1046 80013312 25878528 0 25630 33624 43519
1790647388.782 162174356 23047755 5738622 1046 80013312 25878528 0 25640 33640 43519
1790647389.042 162174850 23047755 5741187 1046 80013312 25878528 0 25649 33657 43519
1790647389.302 162175352 23047755 5743759 1046 80013312 25878528 0 25658 33674 43519
1790647389.561 162175661 23047755 5746327 1046 80013312 25878528 0 25668 33690 43519
1790647389.821 162175917 23047755 5748896 1046 80013312 25878528 0 25678 33706 43519
1790647390.081 162176173 23047755 5751467 1046 80013312 25878528 0 25689 33721 43519
1790647390.340 162176429 23047755 5754034 1046 80013312 25878528 0 25700 33736 43519
1790647390.599 162178285 23047755 5756594 1046 80013312 25878528 0 25709 33752 43519
1790647390.860 162180501 23047755 5759154 1046 80013312 25878528 0 25719 33768 43519
1790647391.120 162180889 23047755 5761722 1046 80013312 25878528 0 25730 33783 43519
1790647391.379 162181315 23047755 5764297 1046 80013312 25878528 0 25739 33800 43519
1790647391.639 162181890 23047755 5766857 1046 80013312 25878528 0 25750 33815 43519
1790647391.899 162182356 23047755 5769426 1046 80013312 25878528 0 25762 33829 43519
1790647392.159 162182612 23047755 5771993 1046 80013312 25878528 0 25770 33847 43519
1790647392.418 162183038 23047755 5774562 1046 80013312 25878528 0 25781 33861 43519
1790647392.678 162183840 23047755 5777124 1046 80013312 25878528 0 25792 33877 43519
1790647392.943 162184334 23047755 5779742 1046 80013312 25878528 0 25802 33893 43519
1790647393.203 162184836 23047755 5782251 1046 80013312 25878528 0 25812 33909 43519
1790647393.462 162185092 23047755 5784813 1046 80013312 25878528 0 25822 33925 43519
1790647393.721 162185461 23047755 5787378 1046 80013312 25878528 0 25833 33940 43519
1790647393.979 162185717 23047755 5789946 1046 80013312 25878528 0 25843 33956 43519
1790647394.241 162187295 23047755 5792505 1046 80013312 25878528 0 25854 33970 43519
1790647394.503 162190051 23047755 5795099 1046 80013312 25878528 0 25864 33986 43519
1790647394.767 162191523 23047755 5797703 1046 80013312 25878528 0 25874 34003 43519
1790647395.030 162192873 23047755 5800284 1046 80013312 25878528 0 25884 34019 43519
1790647395.289 162195377 23047755 5802847 1046 80013312 25878528 0 25896 34033 43519
1790647395.548 162199194 23047755 5805401 1046 80013312 25878528 0 25906 34049 43519
1790647395.809 162199570 23047755 5807960 1046 80013312 25878528 0 25916 34065 43519
1790647396.068 162201003 23047755 5810530 1046 80013312 25878528 0 25925 34081 43519
1790647396.329 162201259 23047755 5813105 1046 80013312 25878528 0 25936 34096 43519
1790647396.588 162203199 23047755 5815668 1046 80013312 25878528 0 25945 34114 43519
1790647396.848 162203693 23047755 5818227 1046 80013312 25878528 0 25955 34129 43519
1790647397.109 162204870 23047755 5820805 1046 80013312 25878528 0 25966 34144 43519
1790647397.368 162206444 23047755 5823378 1046 80013312 25878528 0 25976 34160 43519
1790647397.626 162206923 23047755 5825945 1046 80013312 25878528 0 25986 34176 43519
1790647397.889 162207179 23047755 5828509 1046 80013312 25878528 0 25996 34193 43519
1790647398.149 162207435 23047755 5831018 1046 80013312 25878528 0 26006 34208 43519
1790647398.408 162207937 23048439 5833585 1047 80013312 25878528 0 26016 34224 44203
1790647398.667 162208363 23048439 5836151 1047 80013312 25878528 0 26027 34239 44203
1790647398.927 162208917 23048439 5838712 1047 80013312 25878528 0 26037 34255 44203
1790647399.187 162209419 23048439 5841277 1047 80013312 25878528 0 26048 34270 44203
1790647399.446 162209675 23048439 5843848 1047 80013312 25878528 0 26059 34285 44203
1790647399.706 162210534 23048439 5846418 1047 80013312 25878528 0 26069 34301 44203
1790647399.967 162210922 23048439 5848996 1047 80013312 25878528 0 26079 34316 44203
1790647400.226 162211178 23048439 5851563 1047 80013312 25878528 0 26090 34331 44203
1790647400.485 162211434 23048439 5854132 1047 80013312 25878528 0 26100 34347 44203
1790647400.744 162211810 23048439 5856696 1047 80013312 25878528 0 26111 34362 44203
1790647401.003 162212304 23048439 5859255 1047 80013312 25878528 0 26122 34377 44203
1790647401.266 162213726 23048439 5861839 1047 80013312 25878528 0 26131 34394 44203
1790647401.525 162215075 23048439 5864403 1047 80013312 25878528 0 26140 34411 44203
1790647401.789 162217909 23048439 5866988 1047 80013312 25878528 0 26149 34428 44203
1790647402.048 162219021 23048439 5869544 1047 80013312 25878528 0 26160 34443 44203
1790647402.309 162220995 23048439 5872116 1047 80013312 25878528 0 26170 34459 44203
1790647402.570 162224393 23048439 5874694 1047 80013312 25878528 0 26179 34476 44203
1790647402.830 162226123 23048439 5877246 1047 80013312 25878528 0 26191 34490 44203
1790647403.089 162226617 23048439 5879817 1047 80013312 25878528 0 26200 34506 44203
1790647403.362 162227179 23048439 5882447 1047 80013312 25878528 0 26210 34524 44203
1790647403.621 162229750 23048439 5885008 1047 80013312 25878528 0 26220 34539 44203
1790647403.881 162230366 23048439 5887572 1047 80013312 25878528 0 26228 34557 44203
1790647404.140 162230622 23048439 5890139 1047 80013312 25878528 0 26237 34574 44203
1790647404.400 162231896 23048439 5892706 1047 80013312 25878528 0 26247 34591 44203
1790647404.660 162232212 23048439 5895271 1047 80013312 25878528 0 26257 34606 44203
1790647404.919 162232706 23048439 5897840 1047 80013312 25878528 0 26267 34622 44203
1790647405.179 162232962 23048439 5900405 1047 80013312 25878528 0 26275 34640 44203
1790647405.438 162235266 23048439 5902975 1047 80013312 25878528 0 26284 34656 44203
1790647405.697 162238067 23048439 5905528 1047 80013312 25878528 0 26294 34673 44203
1790647405.958 162239039 23048439 5908099 1047 80013312 25878528 0 26303 34689 44203
1790647406.218 162239295 23048439 5910665 1047 80013312 25878528 0 26312 34707 44203
1790647406.477 162239683 23048439 5913235 1047 80013312 25878528 0 26322 34722 44203
1790647406.736 162239939 23048439 5915804 1047 80013312 25878528 0 26333 34737 44203
1790647406.996 162240693 23048439 5918373 1047 80013312 25878528 0 26343 34754 44203
1790647407.262 162240949 23048439 5920994 1047 80013312 25878528 0 26353 34770 44203
1790647407.522 162241258 23048439 5923570 1047 80013312 25878528 0 26363 34785 44203
1790647407.782 162241684 23048439 5926133 1047 80013312 25878528 0 26373 34802 44203
1790647408.041 162242000 23048439 5928703 1047 80013312 25878528 0 26382 34818 44203
1790647408.302 162244742 23049125 5931220 1048 80013312 25878528 0 26392 34834 44889
1790647408.565 162245168 23049125 5933812 1048 80013312 25878528 0 26400 34852 44889
1790647408.822 162246458 23049125 5936388 1048 80013312 25878528 0 26409 34869 44889
1790647409.113 162248022 23049125 5939195 1048 80013312 25878528 0 26419 34888 44889
1790647409.377 162251356 23049125 5941733 1048 80013312 25878528 0 26430 34903 44889
1790647409.637 162252139 23049125 5944293 1048 80013312 25878528 0 26440 34919 44889
1790647409.895 162254173 23049125 5946852 1048 80013312 25878528 0 26450 34935 44889
1790647410.158 162257297 23049125 5949464 1048 80013312 25878528 0 26460 34951 44889
1790647410.421 162257553 23049125 5952032 1048 80013312 25878528 0 26469 34968 44889
1790647410.680 162257809 23049125 5954588 1048 80013312 25878528 0 26480 34983 44889
1790647410.939 162258303 23049125 5957160 1048 80013312 25878528 0 26491 34998 44889
1790647411.199 162259269 23049125 5959722 1048 80013312 25878528 0 26500 35015 44889
1790647411.459 162260021 23049125 5962286 1048 80013312 25878528 0 26510 35031 44889
1790647411.722 162260602 23049125 5964868 1048 80013312 25878528 0 26521 35046 44889
1790647411.981 162261038 23049125 5967433 1048 80013312 25878528 0 26531 35062 44889
1790647412.240 162261294 23049125 5970000 1048 80013312 25878528 0 26541 35078 44889
1790647412.500 162261720 23049125 5972565 1048 80013312 25878528 0 26551 35093 44889
1790647412.759 162261976 23049125 5975126 1048 80013312 25878528 0 26561 35109 44889
1790647413.019 162262590 23049125 5977695 1048 80013312 25878528 0 26571 35125 44889
1790647413.279 162263698 23049125 5980197 1048 80013312 25878528 0 26582 35140 44889
1790647413.538 162265083 23049125 5982782 1048 80013312 25878528 0 26591 35157 44889
1790647413.800 162265773 23049125 5985345 1048 80013312 25878528 0 26602 35172 44889
1790647414.060 162268607 23049125 5987908 1048 80013312 25878528 0 26611 35189 44889
1790647414.320 162269965 23049125 5990471 1048 80013312 25878528 0 26620 35206 44889
1790647414.580 162272447 23049125 5993043 1048 80013312 25878528 0 26629 35223 44889
1790647414.840 162276871 23049125 5995596 1048 80013312 25878528 0 26639 35238 44889
1790647415.104 162277497 23049125 5998187 1048 80013312 25878528 0 26649 35254 44889
1790647415.362 162277753 23049125 6000753 1048 80013312 25878528 0 26660 35270 44889
1790647415.623 162278292 23049125 6003321 1048 80013312 25878528 0 26671 35284 44889
1790647415.883 162280592 23049125 6005881 1048 80013312 25878528 0 26682 35300 44889
1790647416.143 162281018 23049125 6008436 1048 80013312 25878528 0 26692 35316 44889
1790647416.402 162281274 23049125 6011006 1048 80013312 25878528 0 26702 35331 44889
1790647416.661 162282212 23049125 6013572 1048 80013312 25878528 0 26714 35346 44889
1790647416.921 162282706 23049125 6016139 1048 80013312 25878528 0 26724 35361 44889
1790647417.181 162283366 23049125 6018702 1048 80013312 25878528 0 26734 35376 44889
1790647417.440 162283622 23049125 6021264 1048 80013312 25878528 0 26745 35392 44889
1790647417.699 162286089 23049125 6023830 1048 80013312 25878528 0 26755 35408 44889
1790647417.959 162287969 23049125 6026380 1048 80013312 25878528 0 26764 35425 44889
1790647418.230 162288225 23049125 6029014 1048 80013312 25878528 0 26775 35441 44889
1790647418.489 162289734 23049811 6031570 1049 80013312 25878528 0 26785 35456 45575
1790647418.749 162290160 23049811 6034134 1049 80013312 25878528 0 26795 35472 45575
1790647419.009 162290654 23049811 6036707 1049 80013312 25878528 0 26806 35487 45575
1790647419.268 162291156 23049811 6039266 1049 80013312 25878528 0 26817 35502 45575
1790647419.528 162292216 23049811 6041834 1049 80013312 25878528 0 26827 35518 45575
1790647419.786 162292678 23049811 6044403 1049 80013312 25878528 0 26838 35533 45575
1790647420.048 162293570 23049811 6046966 1049 80013312 25878528 0 26847 35550 45575
1790647420.308 162293826 23049811 6049538 1049 80013312 25878528 0 26857 35566 45575
1790647420.567 162294082 23049811 6052105 1049 80013312 25878528 0 26868 35581 45575
1790647420.827 162294458 23049811 6054675 1049 80013312 25878528 0 26878 35597 45575
1790647421.082 162294952 23049811 6057241 1049 80013312 25878528 0 26889 35612 45575
1790647421.346 162295208 23049811 6059809 1049 80013312 25878528 0 26899 35628 45575
1790647421.611 162295953 23049811 6062439 1049 80013312 25878528 0 26909 35644 45575
