# pid 900  clk_tck=
# t rchar wchar syscr syscw read_bytes write_bytes cancelled_write_bytes utime stime hda_pos
1790647436.282 165368071 23191590 6212410 1068 80013312 26058752 0 27533 36515 46262
1790647436.538 165370017 23191590 6214980 1068 80013312 26058752 0 27543 36531 46262
1790647436.801 165370273 23191590 6217543 1068 80013312 26058752 0 27553 36547 46262
1790647437.060 165370937 23191590 6220111 1068 80013312 26058752 0 27563 36563 46262
1790647437.320 165372007 23191590 6222680 1068 80013312 26058752 0 27573 36579 46262
1790647437.580 165372316 23191590 6225246 1068 80013312 26058752 0 27585 36593 46262
1790647437.842 165373378 23191590 6227837 1068 80013312 26058752 0 27594 36610 46262
1790647438.110 165377278 23191590 6230423 1068 80013312 26058752 0 27606 36626 46262
1790647438.426 165384234 23191624 6233273 1069 80013312 26058752 0 27617 36644 46296
1790647438.686 165384660 23191624 6235842 1069 80013312 26058752 0 27627 36659 46296
1790647438.946 165385154 23191624 6238408 1069 80013312 26058752 0 27637 36676 46296
1790647439.205 165385656 23191624 6240973 1069 80013312 26058752 0 27647 36691 46296
1790647439.474 165394496 23191624 6243478 1069 80013312 26058752 0 27659 36706 46296
1790647439.761 165398509 23191624 6246280 1069 80013312 26058752 0 27671 36723 46296
1790647440.026 165399036 23191624 6248894 1069 80013312 26058752 0 27680 36740 46296
1790647440.287 165399292 23191624 6251470 1069 80013312 26058752 0 27690 36756 46296
1790647440.548 166080689 23191624 6251763 1069 80013312 26058752 0 27711 36761 46296
1790647440.808 166797865 23191624 6251982 1069 80013312 26058752 0 27733 36765 46296
1790647441.069 167139247 23191624 6253410 1069 80013312 26058752 0 27748 36776 46296
1790647441.329 167139503 23191624 6255979 1069 80013312 26058752 0 27757 36793 46296
1790647441.589 167319386 23191624 6257929 1069 80013312 26058752 0 27771 36804 46296
1790647441.856 168054532 23191624 6258145 1069 80013312 26058752 0 27793 36809 46296
1790647442.117 168753728 23191624 6258355 1069 80013312 26058752 0 27815 36814 46296
1790647442.378 169309606 23191624 6259075 1069 80013312 26058752 0 27834 36821 46296
1790647442.638 169740112 23191624 6259937 1069 80013312 26058752 0 27851 36829 46296
1790647442.896 169748056 23453768 6260103 1073 80020992 26415104 0 27867 36834 46296
1790647443.149 169754704 23781448 6260337 1078 80031232 26693632 0 27881 36840 46296
1790647443.408 169762900 24109128 6260482 1083 80044032 27041792 0 27897 36844 46296
1790647443.659 169769361 24371272 6260942 1087 80054272 27320320 0 27913 36849 46296
1790647443.919 169777307 24698952 6261094 1092 80067072 27668480 0 27930 36853 46296
1790647444.178 169785315 24961096 6261234 1096 80077312 27951104 0 27945 36857 46296
1790647444.436 169795301 25288776 6261418 1101 80090112 28299264 0 27961 36861 46296
1790647444.696 169802395 25485384 6262081 1104 80097792 28508160 0 27978 36867 46296
1790647444.952 169811493 25747528 6262249 1108 80110592 28856320 0 27993 36872 46296
1790647445.215 169820151 26075208 6262514 1113 80120832 29134848 0 28010 36877 46296
1790647445.475 169831944 26337352 6262870 1117 80133632 29483008 0 28025 36882 46296
1790647445.738 169838577 26665032 6263097 1122 80143872 29761536 0 28042 36887 46296
1790647445.998 169846883 26927176 6263332 1126 80156672 30109696 0 28058 36892 46296
1790647446.258 169892721 27150408 6264460 1133 80266752 30289920 0 28071 36901 46296
1790647446.519 169895352 27150408 6267027 1133 80266752 30289920 0 28080 36917 46296
1790647446.778 169895881 27150408 6269602 1133 80266752 30289920 0 28091 36933 46296
1790647447.041 169929679 27155528 6271717 1142 80266752 30326784 0 28099 36947 46296
1790647447.303 169929935 27155528 6274286 1142 80266752 30326784 0 28108 36963 46296
1790647447.562 169931952 27156552 6276142 1144 80266752 30334976 0 28116 36975 46296
1790647447.822 169933746 27157576 6278638 1146 80266752 30343168 0 28126 36991 46296
1790647448.083 169934142 27157576 6281208 1146 80266752 30343168 0 28137 37006 46296
1790647448.342 169938010 27158258 6283768 1147 80266752 30343168 0 28147 37021 46978
1790647448.603 169938686 27158258 6286294 1147 80266752 30343168 0 28158 37036 46978
1790647448.865 169938942 27158258 6288869 1147 80266752 30343168 0 28169 37051 46978
1790647449.125 169939436 27158258 6291437 1147 80266752 30343168 0 28179 37067 46978
1790647449.384 169939938 27158258 6294000 1147 80266752 30343168 0 28189 37083 46978
1790647449.643 169940247 27158258 6296566 1147 80266752 30343168 0 28198 37100 46978
1790647449.902 169940503 27158258 6299135 1147 80266752 30343168 0 28208 37116 46978
1790647450.162 169940759 27158258 6301697 1147 80266752 30343168 0 28218 37132 46978
1790647450.421 169941015 27158258 6304264 1147 80266752 30343168 0 28228 37148 46978
1790647450.680 169941907 27158258 6306833 1147 80266752 30343168 0 28238 37163 46978
1790647450.940 169942401 27158258 6309396 1147 80266752 30343168 0 28250 37178 46978
1790647451.199 169942657 27158258 6311964 1147 80266752 30343168 0 28260 37193 46978
1790647451.459 169943083 27158258 6314530 1147 80266752 30343168 0 28270 37209 46978
1790647451.718 169943658 27158258 6317099 1147 80266752 30343168 0 28281 37224 46978
1790647451.978 169943914 27158258 6319672 1147 80266752 30343168 0 28291 37239 46978
1790647452.238 169944170 27158258 6322234 1147 80266752 30343168 0 28302 37255 46978
1790647452.497 169944728 27158258 6324801 1147 80266752 30343168 0 28313 37270 46978
1790647452.757 169944984 27158258 6327362 1147 80266752 30343168 0 28322 37287 46978
1790647453.015 169945478 27158258 6329927 1147 80266752 30343168 0 28331 37304 46978
1790647453.275 169945734 27158258 6332490 1147 80266752 30343168 0 28340 37320 46978
1790647453.535 169946349 27158258 6335007 1147 80266752 30343168 0 28350 37336 46978
1790647453.795 169946605 27158258 6337575 1147 80266752 30343168 0 28360 37352 46978
1790647454.055 169948619 27158258 6340154 1147 80266752 30343168 0 28371 37367 46978
1790647454.315 169950595 27158258 6342706 1147 80266752 30343168 0 28380 37384 46978
1790647454.573 169951707 27158258 6345277 1147 80266752 30343168 0 28390 37400 46978
1790647454.836 169953179 27158258 6347853 1147 80266752 30343168 0 28400 37417 46978
1790647455.097 169957665 27158258 6350437 1147 80266752 30343168 0 28410 37432 46978
1790647455.361 169959395 27158258 6353027 1147 80266752 30343168 0 28419 37449 46978
1790647455.621 169959874 27158258 6355584 1147 80266752 30343168 0 28430 37464 46978
1790647455.881 169960490 27158258 6358155 1147 80266752 30343168 0 28440 37480 46978
1790647456.140 169960916 27158258 6360719 1147 80266752 30343168 0 28450 37496 46978
1790647456.400 169962796 27158258 6363275 1147 80266752 30343168 0 28460 37512 46978
1790647456.659 169963112 27158258 6365846 1147 80266752 30343168 0 28469 37528 46978
1790647456.919 169964288 27158258 6368410 1147 80266752 30343168 0 28479 37544 46978
1790647457.178 169964714 27158258 6370981 1147 80266752 30343168 0 28490 37560 46978
1790647457.439 169964970 27158258 6373547 1147 80266752 30343168 0 28500 37575 46978
1790647457.698 169966085 27158258 6376111 1147 80266752 30343168 0 28510 37591 46978
1790647457.958 169966341 27158258 6378678 1147 80266752 30343168 0 28520 37607 46978
1790647458.218 169966597 27158258 6381249 1147 80266752 30343168 0 28530 37623 46978
1790647458.481 169967099 27158942 6383777 1148 80266752 30343168 0 28539 37640 47662
1790647458.741 169967585 27158942 6386335 1148 80266752 30343168 0 28548 37656 47662
1790647459.000 169968079 27158942 6388903 1148 80266752 30343168 0 28560 37671 47662
1790647459.260 169968581 27158942 6391468 1148 80266752 30343168 0 28569 37687 47662
1790647459.519 169968890 27158942 6394033 1148 80266752 30343168 0 28581 37702 47662
1790647459.778 169969920 27158942 6396600 1148 80266752 30343168 0 28590 37718 47662
1790647460.038 169970296 27158942 6399166 1148 80266752 30343168 0 28599 37735 47662
1790647460.297 169970552 27158942 6401787 1148 80266752 30343168 0 28609 37752 47662
1790647460.563 169970808 27158942 6404356 1148 80266752 30343168 0 28618 37769 47662
1790647460.823 169971124 27158942 6406923 1148 80266752 30343168 0 28627 37785 47662
1790647461.082 169971678 27158942 6409491 1148 80266752 30343168 0 28637 37801 47662
1790647461.342 169972066 27158942 6412060 1148 80266752 30343168 0 28648 37816 47662
1790647461.602 169972545 27158942 6414626 1148 80266752 30343168 0 28658 37832 47662
1790647461.860 169972971 27158942 6417200 1148 80266752 30343168 0 28669 37847 47662
1790647462.122 169973287 27158942 6419769 1148 80266752 30343168 0 28679 37863 47662
1790647462.381 169973675 27158942 6422334 1148 80266752 30343168 0 28689 37878 47662
1790647462.641 169974101 27158942 6424898 1148 80266752 30343168 0 28701 37893 47662
1790647462.901 169974357 27158942 6427464 1148 80266752 30343168 0 28712 37908 47662
1790647463.160 169974851 27158942 6430032 1148 80266752 30343168 0 28722 37923 47662
1790647463.420 169975353 27158942 6432603 1148 80266752 30343168 0 28732 37940 47662
1790647463.699 169975662 27158942 6435313 1148 80266752 30343168 0 28743 37956 47662
1790647463.958 169975918 27158942 6437878 1148 80266752 30343168 0 28753 37972 47662
1790647464.218 169976174 27158942 6440448 1148 80266752 30343168 0 28765 37986 47662
1790647464.477 169976676 27158942 6443017 1148 80266752 30343168 0 28776 38001 47662
1790647464.737 169978644 27158942 6445582 1148 80266752 30343168 0 28786 38017 47662
1790647464.997 169981354 27158942 6448154 1148 80266752 30343168 0 28795 38034 47662
1790647465.257 169982466 27158942 6450715 1148 80266752 30343168 0 28805 38050 47662
1790647465.515 169983811 27158942 6453282 1148 80266752 30343168 0 28815 38065 47662
1790647465.777 169986485 27158942 6455881 1148 80266752 30343168 0 28826 38080 47662
1790647466.041 169990069 27158942 6458446 1148 80266752 30343168 0 28835 38098 47662
1790647466.299 169990325 27158942 6461008 1148 80266752 30343168 0 28845 38114 47662
1790647466.557 169990581 27158942 6463576 1148 80266752 30343168 0 28856 38129 47662
1790647466.819 169990837 27158942 6466141 1148 80266752 30343168 0 28866 38144 47662
1790647467.080 169993125 27158942 6468729 1148 80266752 30343168 0 28876 38161 47662
1790647467.342 169993381 27158942 6471306 1148 80266752 30343168 0 28886 38176 47662
1790647467.602 169993780 27158942 6473878 1148 80266752 30343168 0 28896 38192 47662
1790647467.860 169995080 27158942 6476452 1148 80266752 30343168 0 28906 38208 47662
1790647468.122 169996463 27158942 6479014 1148 80266752 30343168 0 28918 38223 47662
1790647468.381 169996965 27159628 6481569 1149 80266752 30343168 0 28929 38237 48348
1790647468.642 169997391 27159628 6484094 1149 80266752 30343168 0 28939 38253 48348
1790647468.902 170001259 27159628 6486654 1149 80266752 30343168 0 28949 38269 48348
1790647469.162 170003050 27159628 6489258 1149 80266752 30343168 0 28959 38285 48348
1790647469.427 170003552 27159628 6491828 1149 80266752 30343168 0 28971 38300 48348
1790647469.685 170003861 27159628 6494392 1149 80266752 30343168 0 28981 38315 48348
1790647469.946 170004117 27159628 6496960 1149 80266752 30343168 0 28992 38330 48348
1790647470.205 170004373 27159628 6499525 1149 80266752 30343168 0 29002 38346 48348
1790647470.464 170004629 27159628 6502091 1149 80266752 30343168 0 29013 38361 48348
1790647470.724 170005158 27159628 6504656 1149 80266752 30343168 0 29023 38376 48348
1790647470.984 170005925 27159628 6507225 1149 80266752 30343168 0 29034 38391 48348
1790647471.244 170006241 27159628 6509797 1149 80266752 30343168 0 29044 38407 48348
1790647471.503 170007186 27159628 6512363 1149 80266752 30343168 0 29054 38423 48348
1790647471.764 170007782 27159628 6514931 1149 80266752 30343168 0 29065 38438 48348
1790647472.023 170008038 27159628 6517500 1149 80266752 30343168 0 29076 38453 48348
1790647472.283 170008294 27159628 6520068 1149 80266752 30343168 0 29086 38469 48348
1790647472.543 170008720 27159628 6522645 1149 80266752 30343168 0 29097 38484 48348
1790647472.810 170008976 27159628 6525263 1149 80266752 30343168 0 29108 38500 48348
1790647473.067 170009572 27159628 6527832 1149 80266752 30343168 0 29118 38516 48348
1790647473.332 170010680 27159628 6530429 1149 80266752 30343168 0 29129 38531 48348
1790647473.592 170010989 27159628 6532941 1149 80266752 30343168 0 29138 38548 48348
1790647473.850 170011245 27159628 6535515 1149 80266752 30343168 0 29148 38563 48348
1790647474.112 170011501 27159628 6538087 1149 80266752 30343168 0 29158 38579 48348
1790647474.371 170012003 27159628 6540658 1149 80266752 30343168 0 29169 38594 48348
1790647474.638 170012259 27159628 6543282 1149 80266752 30343168 0 29180 38610 48348
1790647474.897 170013353 27159628 6545855 1149 80266752 30343168 0 29189 38626 48348
1790647475.157 170014147 27159628 6548418 1149 80266752 30343168 0 29201 38641 48348
1790647475.417 170014403 27159628 6550989 1149 80266752 30343168 0 29212 38656 48348
1790647475.675 170014942 27159628 6553556 1149 80266752 30343168 0 29222 38671 48348
1790647475.939 170017232 27159628 6556141 1149 80266752 30343168 0 29232 38688 48348
1790647476.199 170019384 27159628 6558709 1149 80266752 30343168 0 29242 38703 48348
1790647476.461 170021433 27159628 6561297 1149 80266752 30343168 0 29253 38719 48348
1790647476.719 170022897 27159628 6563860 1149 80266752 30343168 0 29263 38735 48348
1790647476.981 170025637 27159628 6566426 1149 80266752 30343168 0 29274 38750 48348
1790647477.241 170026919 27159628 6568979 1149 80266752 30343168 0 29285 38765 48348
1790647477.500 170028031 27159628 6571544 1149 80266752 30343168 0 29295 38780 48348
1790647477.760 170030758 27159628 6574142 1149 80266752 30343168 0 29305 38796 48348
1790647478.024 170034112 27159628 6576700 1149 80266752 30343168 0 29315 38812 48348
1790647478.284 170034368 27160314 6579263 1150 80266752 30343168 0 29325 38828 49034
1790647478.552 170034870 27160314 6581849 1150 80266752 30343168 0 29335 38845 49034
1790647478.812 170035296 27160314 6584412 1150 80266752 30343168 0 29345 38861 49034
1790647479.072 170037504 27160314 6586978 1150 80266752 30343168 0 29355 38877 49034
1790647479.333 170038006 27160314 6589553 1150 80266752 30343168 0 29365 38893 49034
1790647479.592 170038315 27160314 6592129 1150 80266752 30343168 0 29375 38909 49034
1790647479.852 170039339 27160314 6594700 1150 80266752 30343168 0 29385 38925 49034
1790647480.112 170039817 27160314 6597266 1150 80266752 30343168 0 29394 38942 49034
1790647480.372 170040073 27160314 6599831 1150 80266752 30343168 0 29404 38957 49034
1790647480.631 170040329 27160314 6602398 1150 80266752 30343168 0 29415 38972 49034
1790647480.892 170043329 27160314 6604956 1150 80266752 30343168 0 29426 38988 49034
1790647481.155 170045447 27160314 6607539 1150 80266752 30343168 0 29437 39003 49034
1790647481.414 170046040 27160314 6610109 1150 80266752 30343168 0 29446 39020 49034
1790647481.673 170046785 27160314 6612675 1150 80266752 30343168 0 29455 39036 49034
