# pid 8659  clk_tck=
# t rchar wchar syscr syscw read_bytes write_bytes cancelled_write_bytes utime stime hda_pos
1790647743.530 85781039 358336 13150 161 131072 593920 0 6694 7806 56661
1790647743.789 85781039 358336 13150 161 131072 593920 0 6703 7823 56661
1790647744.048 85781039 358336 13150 161 131072 593920 0 6713 7839 56661
1790647744.307 85781039 358336 13150 161 131072 593920 0 6724 7854 56661
1790647744.567 85781039 358336 13150 161 131072 593920 0 6735 7869 56661
1790647744.827 85781039 358336 13150 161 131072 593920 0 6746 7884 56661
1790647745.087 85781039 358336 13150 161 131072 593920 0 6759 7897 56661
1790647745.363 85781039 358336 13150 161 131072 593920 0 6770 7916 56661
1790647745.677 85781039 358371 13150 162 131072 593920 0 6781 7932 56661
1790647745.938 85781039 358371 13150 162 131072 593920 0 6789 7950 56661
1790647746.198 85781039 358371 13150 162 131072 593920 0 6800 7965 56661
1790647746.457 85781039 358371 13150 162 131072 593920 0 6811 7980 56661
1790647746.712 85781039 358371 13150 162 131072 593920 0 6820 7996 56661
1790647746.992 85986411 358371 13154 162 131072 593920 0 6832 8012 56661
1790647747.258 86006955 358371 13160 162 131072 593920 0 6843 8028 56661
1790647747.515 86006955 358371 13160 162 131072 593920 0 6853 8043 56661
1790647747.777 86644427 358371 13232 162 131072 593920 0 6874 8048 56661
1790647748.038 87361227 358371 13312 162 131072 593920 0 6896 8052 56661
1790647748.300 87909579 358371 13372 162 131072 593920 0 6914 8060 56661
1790647748.559 87909579 358371 13372 162 131072 593920 0 6925 8075 56661
1790647748.819 87927499 358371 13374 162 131072 593920 0 6937 8089 56661
1790647749.080 88644299 358371 13454 162 131072 593920 0 6960 8092 56661
1790647749.339 89343179 358371 13532 162 131072 593920 0 6982 8096 56661
1790647749.599 89916619 358371 13596 162 131072 593920 0 7001 8103 56661
1790647749.860 90525899 358371 13664 162 131072 593920 0 7020 8110 56661
1790647750.120 90693329 554979 13686 165 133632 811008 0 7035 8117 56661
1790647750.371 90701019 882659 13696 170 146432 1159168 0 7050 8122 56661
1790647750.627 90707171 1144803 13704 174 157696 1437696 0 7066 8126 56661
1790647750.886 90753259 1406947 13716 178 167936 1716224 0 7082 8132 56661
1790647751.146 90759411 1669091 13724 182 178688 1994752 0 7098 8137 56661
1790647751.404 90767099 1931235 13733 186 191488 2342912 0 7112 8144 56661
1790647751.665 90773253 2258915 13742 191 201728 2621440 0 7129 8148 56661
1790647751.924 90780943 2586595 13752 196 214528 2969600 0 7146 8152 56661
1790647752.175 90787095 2848739 13760 200 224768 3248128 0 7159 8156 56661
1790647752.434 90791709 3045347 13766 203 232448 3457024 0 7173 8162 56661
1790647752.688 90799399 3373027 13776 208 245248 3805184 0 7188 8167 56661
1790647752.947 90805551 3635171 13784 212 255488 4083712 0 7203 8173 56661
1790647753.207 90813241 3962851 13794 217 268288 4431872 0 7221 8176 56661
1790647753.466 90820929 4224995 13803 221 281088 4710400 0 7236 8181 56661
1790647753.726 90923851 4317155 13821 226 386048 4820992 0 7246 8195 56661
1790647753.985 90923851 4317155 13821 226 386048 4820992 0 7258 8209 56661
1790647754.244 91038543 4321763 13840 235 386048 4857856 0 7267 8222 56661
1790647754.503 91038543 4321763 13840 235 386048 4857856 0 7276 8239 56661
1790647754.762 91038543 4321763 13840 235 386048 4857856 0 7287 8252 56661
1790647755.024 91040081 4322787 13843 237 386048 4866048 0 7298 8267 56661
1790647755.284 91041619 4323811 13846 239 386048 4878336 0 7307 8284 56661
1790647755.544 91041619 4324494 13846 240 386048 4878336 0 7317 8299 56661
1790647755.803 91041619 4324494 13846 240 386048 4878336 0 7327 8315 56661
1790647756.062 91041619 4324494 13846 240 386048 4878336 0 7339 8330 56661
1790647756.322 91041619 4324494 13846 240 386048 4878336 0 7349 8345 56661
1790647756.582 91041619 4324494 13846 240 386048 4878336 0 7359 8361 56661
1790647756.841 91041619 4324494 13846 240 386048 4878336 0 7370 8376 56661
1790647757.102 91041619 4324494 13846 240 386048 4878336 0 7381 8390 56661
1790647757.361 91041619 4324494 13846 240 386048 4878336 0 7390 8408 56661
1790647757.621 91041619 4324494 13846 240 386048 4878336 0 7400 8423 56661
1790647757.880 91041619 4324494 13846 240 386048 4878336 0 7410 8439 56661
1790647758.139 91041619 4324494 13846 240 386048 4878336 0 7420 8455 56661
1790647758.398 91041619 4324494 13846 240 386048 4878336 0 7430 8471 56661
1790647758.658 91041619 4324494 13846 240 386048 4878336 0 7441 8486 56661
1790647758.917 91041619 4324494 13846 240 386048 4878336 0 7451 8502 56661
1790647759.176 91041619 4324494 13846 240 386048 4878336 0 7461 8518 56661
1790647759.436 91041619 4324494 13846 240 386048 4878336 0 7471 8533 56661
1790647759.696 91041619 4324494 13846 240 386048 4878336 0 7481 8550 56661
1790647759.955 91041623 4324494 13848 240 386048 4878336 0 7491 8565 56661
1790647760.215 91041623 4324494 13848 240 386048 4878336 0 7503 8579 56661
1790647760.474 91041623 4324494 13848 240 386048 4878336 0 7515 8593 56661
1790647760.734 91041623 4324494 13848 240 386048 4878336 0 7525 8609 56661
1790647760.992 91041623 4324494 13848 240 386048 4878336 0 7536 8623 56661
1790647761.252 91041623 4324494 13848 240 386048 4878336 0 7546 8639 56661
1790647761.511 91041623 4324494 13848 240 386048 4878336 0 7557 8655 56661
1790647761.770 91041623 4324494 13848 240 386048 4878336 0 7569 8669 56661
1790647762.030 91041623 4324494 13848 240 386048 4878336 0 7580 8684 56661
1790647762.289 91041623 4324494 13848 240 386048 4878336 0 7591 8698 56661
1790647762.548 91041623 4324494 13848 240 386048 4878336 0 7601 8714 56661
1790647762.808 91041623 4324494 13848 240 386048 4878336 0 7611 8730 56661
1790647763.066 91041623 4324494 13848 240 386048 4878336 0 7623 8744 56661
1790647763.327 91041623 4324494 13848 240 386048 4878336 0 7635 8757 56661
1790647763.587 91041623 4324494 13848 240 386048 4878336 0 7648 8771 56661
1790647763.846 91041623 4324494 13848 240 386048 4878336 0 7660 8785 56661
1790647764.105 91041623 4324494 13848 240 386048 4878336 0 7669 8801 56661
1790647764.364 91041623 4324494 13848 240 386048 4878336 0 7679 8817 56661
1790647764.634 91041623 4324494 13848 240 386048 4878336 0 7690 8834 56661
1790647764.905 91041623 4324494 13848 240 386048 4878336 0 7701 8849 56661
1790647765.164 91041623 4324494 13848 240 386048 4878336 0 7712 8864 56661
1790647765.423 91041623 4324494 13848 240 386048 4878336 0 7724 8878 56661
1790647765.689 91041623 4325180 13848 241 386048 4878336 0 7734 8894 56661
1790647765.948 91041623 4325180 13848 241 386048 4878336 0 7745 8908 56661
1790647766.206 91041623 4325180 13848 241 386048 4878336 0 7756 8924 56661
1790647766.467 91041623 4325180 13848 241 386048 4878336 0 7766 8939 56661
1790647766.726 91041623 4325180 13848 241 386048 4878336 0 7778 8954 56661
1790647766.986 91041623 4325180 13848 241 386048 4878336 0 7788 8969 56661
1790647767.245 91041623 4325180 13848 241 386048 4878336 0 7797 8986 56661
1790647767.505 91041623 4325180 13848 241 386048 4878336 0 7808 9001 56661
1790647767.764 91041623 4325180 13848 241 386048 4878336 0 7818 9017 56661
1790647768.025 91041623 4325180 13848 241 386048 4878336 0 7828 9033 56661
1790647768.286 91041623 4325180 13848 241 386048 4878336 0 7838 9049 56661
1790647768.545 91041623 4325180 13848 241 386048 4878336 0 7848 9065 56661
1790647768.808 91041623 4325180 13848 241 386048 4878336 0 7857 9082 56661
1790647769.067 91041623 4325180 13848 241 386048 4878336 0 7869 9096 56661
1790647769.332 91041623 4325180 13848 241 386048 4878336 0 7879 9112 56661
1790647769.592 91041623 4325180 13848 241 386048 4878336 0 7891 9126 56661
1790647769.853 91041623 4325180 13848 241 386048 4878336 0 7901 9142 56661
1790647770.120 91041623 4325180 13848 241 386048 4878336 0 7910 9159 56661
1790647770.382 91041623 4325180 13848 241 386048 4878336 0 7921 9174 56661
1790647770.643 91041623 4325180 13848 241 386048 4878336 0 7931 9190 56661
1790647770.902 91041623 4325180 13848 241 386048 4878336 0 7943 9204 56661
1790647771.161 91041623 4325180 13848 241 386048 4878336 0 7953 9219 56661
1790647771.420 91041623 4325180 13848 241 386048 4878336 0 7963 9235 56661
1790647771.680 91041623 4325180 13848 241 386048 4878336 0 7972 9253 56661
1790647771.939 91041623 4325180 13848 241 386048 4878336 0 7981 9269 56661
1790647772.198 91041623 4325180 13848 241 386048 4878336 0 7992 9284 56661
1790647772.457 91041623 4325180 13848 241 386048 4878336 0 8004 9298 56661
1790647772.716 91041623 4325180 13848 241 386048 4878336 0 8012 9315 56661
1790647772.975 91041623 4325180 13848 241 386048 4878336 0 8022 9331 56661
1790647773.234 91041623 4325180 13848 241 386048 4878336 0 8033 9347 56661
1790647773.494 91041623 4325180 13848 241 386048 4878336 0 8042 9364 56661
1790647773.753 91041623 4325180 13848 241 386048 4878336 0 8051 9380 56661
1790647774.012 91041623 4325180 13848 241 386048 4878336 0 8061 9396 56661
1790647774.272 91041623 4325180 13848 241 386048 4878336 0 8073 9410 56661
1790647774.530 91041623 4325180 13848 241 386048 4878336 0 8083 9425 56661
1790647774.789 91041623 4325180 13848 241 386048 4878336 0 8094 9440 56661
1790647775.049 91041623 4325180 13848 241 386048 4878336 0 8104 9457 56661
1790647775.308 91041623 4325180 13848 241 386048 4878336 0 8113 9473 56661
1790647775.567 91041623 4325867 13848 242 386048 4878336 0 8125 9487 56661
1790647775.826 91041623 4325867 13848 242 386048 4878336 0 8137 9501 56661
1790647776.086 91041623 4325867 13848 242 386048 4878336 0 8148 9516 56661
1790647776.344 91041623 4325867 13848 242 386048 4878336 0 8157 9532 56661
1790647776.605 91041623 4325867 13848 242 386048 4878336 0 8169 9546 56661
1790647776.864 91041623 4325867 13848 242 386048 4878336 0 8179 9562 56661
1790647777.123 91041623 4325867 13848 242 386048 4878336 0 8190 9578 56661
1790647777.383 91041623 4325867 13848 242 386048 4878336 0 8200 9594 56661
1790647777.642 91041623 4325867 13848 242 386048 4878336 0 8212 9607 56661
1790647777.901 91041623 4325867 13848 242 386048 4878336 0 8220 9624 56661
1790647778.161 91041623 4325867 13848 242 386048 4878336 0 8231 9640 56661
1790647778.420 91041623 4325867 13848 242 386048 4878336 0 8242 9654 56661
1790647778.680 91041623 4325867 13848 242 386048 4878336 0 8252 9670 56661
1790647778.939 91041623 4325867 13848 242 386048 4878336 0 8263 9685 56661
1790647779.199 91041623 4325867 13848 242 386048 4878336 0 8272 9702 56661
1790647779.458 91041623 4325867 13848 242 386048 4878336 0 8282 9718 56661
1790647779.718 91041623 4325867 13848 242 386048 4878336 0 8292 9734 56661
1790647779.977 91041623 4325867 13848 242 386048 4878336 0 8301 9750 56661
1790647780.236 91041623 4325867 13848 242 386048 4878336 0 8312 9765 56661
1790647780.497 91041623 4325867 13848 242 386048 4878336 0 8323 9780 56661
1790647780.756 91041623 4325867 13848 242 386048 4878336 0 8334 9795 56661
1790647781.015 91041623 4325867 13848 242 386048 4878336 0 8344 9811 56661
1790647781.276 91041623 4325867 13848 242 386048 4878336 0 8354 9827 56661
1790647781.535 91041623 4325867 13848 242 386048 4878336 0 8365 9842 56661
1790647781.795 91041623 4325867 13848 242 386048 4878336 0 8374 9859 56661
1790647782.060 91041623 4325867 13848 242 386048 4878336 0 8385 9874 56661
1790647782.321 91041623 4325867 13848 242 386048 4878336 0 8397 9889 56661
1790647782.580 91041623 4325867 13848 242 386048 4878336 0 8407 9905 56661
1790647782.839 91041623 4325867 13848 242 386048 4878336 0 8416 9921 56661
1790647783.097 91041623 4325867 13848 242 386048 4878336 0 8424 9939 56661
1790647783.358 91041623 4325867 13848 242 386048 4878336 0 8436 9952 56661
1790647783.617 91041623 4325867 13848 242 386048 4878336 0 8449 9965 56661
1790647783.878 91041623 4325867 13848 242 386048 4878336 0 8463 9978 56661
1790647784.141 91041623 4325867 13848 242 386048 4878336 0 8474 9993 56661
1790647784.400 91041623 4325867 13848 242 386048 4878336 0 8485 10008 56661
1790647784.660 91041623 4325867 13848 242 386048 4878336 0 8495 10023 56661
1790647784.919 91041623 4325867 13848 242 386048 4878336 0 8505 10041 56661
1790647785.197 91041623 4325867 13848 242 386048 4878336 0 8516 10056 56661
1790647785.456 91041623 4325867 13848 242 386048 4878336 0 8527 10071 56661
1790647785.715 91041623 4326553 13848 243 386048 4878336 0 8539 10085 56661
1790647785.975 91041623 4326553 13848 243 386048 4878336 0 8549 10101 56661
1790647786.234 91041623 4326553 13848 243 386048 4878336 0 8557 10119 56661
1790647786.494 91041623 4326553 13848 243 386048 4878336 0 8566 10135 56661
1790647786.753 91041623 4326553 13848 243 386048 4878336 0 8578 10149 56661
1790647787.012 91041623 4326553 13848 243 386048 4878336 0 8588 10165 56661
1790647787.271 91041623 4326553 13848 243 386048 4878336 0 8600 10179 56661
1790647787.532 91041623 4326553 13848 243 386048 4878336 0 8610 10195 56661
1790647787.791 91041623 4326553 13848 243 386048 4878336 0 8620 10211 56661
1790647788.050 91041623 4326553 13848 243 386048 4878336 0 8630 10227 56661
1790647788.309 91041623 4326553 13848 243 386048 4878336 0 8641 10241 56661
1790647788.568 91041623 4326553 13848 243 386048 4878336 0 8652 10257 56661
1790647788.826 91041623 4326553 13848 243 386048 4878336 0 8662 10272 56661
