# pid 900  clk_tck=
# t rchar wchar syscr syscw read_bytes write_bytes cancelled_write_bytes utime stime hda_pos
1790647023.391 100961949 503730 2333312 244 76717568 790528 0 10190 13313 19271
1790647023.656 100962366 503730 2335885 244 76717568 790528 0 10199 13330 19271
1790647023.915 100962794 503730 2338461 244 76717568 790528 0 10209 13346 19271
1790647024.175 100964043 503730 2341035 244 76717568 790528 0 10219 13362 19271
1790647024.434 101009913 504432 2343569 245 76717568 790528 0 10229 13378 19973
1790647024.700 101014268 504432 2346014 245 76717568 790528 0 10239 13394 19973
1790647024.963 101015160 504466 2348499 246 76717568 790528 0 10250 13409 20007
1790647025.224 101015512 504466 2351071 246 76717568 790528 0 10259 13425 20007
1790647025.484 101015747 504466 2353647 246 76717568 790528 0 10269 13441 20007
1790647025.743 101016099 504466 2356212 246 76717568 790528 0 10279 13457 20007
1790647026.003 101020216 504466 2358606 246 76717568 790528 0 10291 13472 20007
1790647026.289 101021959 504466 2361297 246 76717568 790528 0 10301 13490 20007
1790647026.547 101022379 504466 2363866 246 76717568 790528 0 10311 13506 20007
1790647026.810 101040168 504466 2366404 246 76717568 790528 0 10321 13521 20007
1790647027.069 101040350 504466 2368966 246 76717568 790528 0 10332 13537 20007
1790647027.330 101040532 504466 2371537 246 76717568 790528 0 10341 13553 20007
1790647027.589 101040937 504466 2374105 246 76717568 790528 0 10352 13568 20007
1790647027.850 101041505 504466 2376693 246 76717568 790528 0 10362 13585 20007
1790647028.110 101042577 504466 2379262 246 76717568 790528 0 10372 13601 20007
1790647028.370 101042929 504466 2381834 246 76717568 790528 0 10381 13617 20007
1790647028.629 101043349 504466 2384399 246 76717568 790528 0 10391 13633 20007
1790647028.890 101043777 504466 2386966 246 76717568 790528 0 10402 13648 20007
1790647029.149 101043959 504466 2389535 246 76717568 790528 0 10413 13663 20007
1790647029.409 101044194 504466 2392098 246 76717568 790528 0 10423 13679 20007
1790647029.668 101214360 504466 2394639 246 76717568 790528 0 10435 13693 20007
1790647029.928 101305166 504466 2397136 246 76717568 790528 0 10444 13710 20007
1790647030.187 101305348 504466 2399728 246 76717568 790528 0 10454 13727 20007
1790647030.456 101328058 504466 2402334 246 76717568 790528 0 10464 13742 20007
1790647030.716 101351518 504466 2404895 246 76717568 790528 0 10472 13760 20007
1790647030.975 101352246 504466 2407460 246 76717568 790528 0 10482 13776 20007
1790647031.236 101352730 504466 2410005 246 76717568 790528 0 10493 13791 20007
1790647031.506 101353231 504466 2412614 246 76717568 790528 0 10503 13807 20007
1790647031.765 101353413 504466 2415175 246 76717568 790528 0 10514 13822 20007
1790647032.024 101353595 504466 2417744 246 76717568 790528 0 10524 13838 20007
1790647032.285 101353947 504466 2420309 246 76717568 790528 0 10534 13854 20007
1790647032.544 101354367 504466 2422880 246 76717568 790528 0 10544 13870 20007
1790647032.803 101354549 504466 2425443 246 76717568 790528 0 10555 13884 20007
1790647033.063 101355063 504466 2428011 246 76717568 790528 0 10565 13900 20007
1790647033.323 101355605 504466 2430573 246 76717568 790528 0 10576 13915 20007
1790647033.583 101355900 504466 2433139 246 76717568 790528 0 10586 13931 20007
1790647033.842 101356328 504466 2435702 246 76717568 790528 0 10596 13947 20007
1790647034.102 101356510 504466 2438266 246 76717568 790528 0 10606 13963 20007
1790647034.362 101357052 504466 2440830 246 76717568 790528 0 10617 13978 20007
1790647034.623 101377440 504978 2443305 247 76717568 806912 0 10626 13993 20007
1790647034.882 101962448 507647 2445548 252 76717568 819200 0 10638 14007 20628
1790647035.141 102101894 507647 2448035 252 76717568 819200 0 10648 14022 20628
1790647035.400 102102246 507647 2450596 252 76717568 819200 0 10659 14038 20628
1790647035.659 102102481 507647 2453156 252 76717568 819200 0 10669 14053 20628
1790647035.908 102123827 573183 2454261 253 76724224 958464 0 10681 14061 20628
1790647036.170 102131699 900863 2454421 258 76737024 1306624 0 10697 14065 20628
1790647036.420 102459121 1163007 2454781 262 76744704 1515520 0 10714 14071 20628
1790647036.682 102874777 1294079 2455241 264 76749824 1654784 0 10732 14076 20628
1790647036.938 103262215 1408767 2455683 271 76749824 1798144 0 10749 14081 20628
1790647037.198 103637703 1588991 2456093 282 76749824 2027520 0 10764 14086 20628
1790647037.454 103904372 1752831 2456479 292 76850688 2232320 0 10777 14092 20628
1790647037.708 103987524 2064127 2456790 311 76850688 2621440 0 10789 14096 20628
1790647037.970 104313588 2195199 2457111 313 76850688 2760704 0 10808 14101 20628
1790647038.230 104674172 2227967 2457474 314 76850688 2797568 0 10827 14106 20628
1790647038.490 104960230 2588415 2457753 325 76850688 3203072 0 10842 14111 20628
1790647038.749 105320648 2621183 2458125 326 76850688 3239936 0 10862 14116 20628
1790647039.006 105496198 2883327 2458403 334 76951552 3571712 0 10875 14121 20628
1790647039.262 105740218 3178239 2458623 342 76951552 3862528 0 10888 14125 20628
1790647039.522 106033325 3374847 2458878 346 76951552 4075520 0 10905 14130 20628
1790647039.779 106327917 3620607 2459151 351 76951552 4341760 0 10922 14135 20628
1790647040.039 106656809 3817215 2459431 355 76951552 4554752 0 10940 14140 20628
1790647040.296 106949865 4013823 2459719 359 76951552 4767744 0 10958 14144 20628
1790647040.549 107207377 4243199 2459960 363 76951552 5013504 0 10975 14150 20628
1790647040.807 107516813 4439807 2460171 366 76951552 5222400 0 10993 14154 20628
1790647041.067 107808329 4636415 2460397 369 76951552 5431296 0 11012 14159 20628
1790647041.336 108083633 4833023 2460609 372 76951552 5709824 0 11030 14164 20628
1790647041.593 108357454 5095167 2460932 376 76951552 5918720 0 11048 14169 20628
1790647041.852 108357636 5095167 2463501 376 76951552 5918720 0 11058 14185 20628
1790647042.112 108357878 5095167 2466069 376 76951552 5918720 0 11069 14200 20628
1790647042.373 108358230 5095167 2468640 376 76951552 5918720 0 11080 14215 20628
1790647042.632 108358650 5095167 2471188 376 76951552 5918720 0 11091 14230 20628
1790647042.889 108359078 5095167 2473744 376 76951552 5918720 0 11100 14246 20628
1790647043.149 108359604 5095167 2476303 376 76951552 5918720 0 11110 14262 20628
1790647043.409 108359899 5095167 2478870 376 76951552 5918720 0 11121 14277 20628
1790647043.668 108360081 5095167 2481430 376 76951552 5918720 0 11131 14292 20628
1790647043.928 108360509 5095167 2483991 376 76951552 5918720 0 11142 14307 20628
1790647044.187 108360751 5095167 2486553 376 76951552 5918720 0 11153 14322 20628
1790647044.447 108360933 5095167 2489124 376 76951552 5918720 0 11164 14337 20628
1790647044.706 108361353 5095167 2491684 376 76951552 5918720 0 11174 14353 20628
1790647044.965 108361535 5095859 2494246 377 76951552 5918720 0 11186 14367 21320
1790647045.225 108362007 5095859 2496822 377 76951552 5918720 0 11196 14383 21320
1790647045.485 108362302 5095859 2499380 377 76951552 5918720 0 11206 14399 21320
1790647045.745 108362654 5095859 2501966 377 76951552 5918720 0 11216 14415 21320
1790647046.005 108422228 5095859 2504525 377 76951552 5918720 0 11226 14431 21320
1790647046.265 108563210 5095859 2507052 377 76951552 5918720 0 11236 14447 21320
1790647046.524 108650290 5095859 2509525 377 76951552 5918720 0 11245 14463 21320
1790647046.784 108671122 5095859 2512080 377 76951552 5918720 0 11256 14479 21320
1790647047.044 108671304 5095859 2514644 377 76951552 5918720 0 11267 14493 21320
1790647047.301 108789246 5097395 2516991 380 76951552 5939200 0 11276 14508 21320
1790647047.562 108795285 5098931 2519533 383 76951552 5947392 0 11286 14524 21320
1790647047.822 108795527 5098931 2522105 383 76951552 5947392 0 11297 14538 21320
1790647048.082 108796075 5098931 2524673 383 76951552 5947392 0 11308 14553 21320
1790647048.340 108796513 5098931 2527244 383 76951552 5947392 0 11317 14570 21320
1790647048.600 108796933 5098931 2529801 383 76951552 5947392 0 11327 14586 21320
1790647048.868 108797361 5098931 2532434 383 76951552 5947392 0 11337 14603 21320
1790647049.127 108798089 5098931 2534997 383 76951552 5947392 0 11347 14619 21320
1790647049.388 108798271 5098931 2537562 383 76951552 5947392 0 11358 14634 21320
1790647049.647 108798506 5098931 2540129 383 76951552 5947392 0 11367 14650 21320
1790647049.906 108799439 5098931 2542691 383 76951552 5947392 0 11379 14664 21320
1790647050.166 108799621 5098931 2545248 383 76951552 5947392 0 11389 14680 21320
1790647050.424 108799803 5098931 2547811 383 76951552 5947392 0 11398 14697 21320
1790647050.695 108800223 5098931 2550456 383 76951552 5947392 0 11409 14713 21320
1790647050.953 108801156 5098931 2553020 383 76951552 5947392 0 11419 14729 21320
1790647051.216 108801654 5098931 2555604 383 76951552 5947392 0 11429 14745 21320
1790647051.475 108803847 5098931 2558096 383 76951552 5947392 0 11438 14761 21320
1790647051.735 108804131 5098931 2560649 383 76951552 5947392 0 11448 14777 21320
1790647051.993 108804313 5098931 2563215 383 76951552 5947392 0 11459 14792 21320
1790647052.253 108804495 5098931 2565778 383 76951552 5947392 0 11468 14809 21320
1790647052.512 108805085 5098931 2568360 383 76951552 5947392 0 11477 14826 21320
1790647052.773 108805267 5098931 2570919 383 76951552 5947392 0 11488 14841 21320
1790647053.033 108805695 5098931 2573479 383 76951552 5947392 0 11498 14857 21320
1790647053.293 108807041 5098931 2576038 383 76951552 5947392 0 11508 14873 21320
1790647053.551 108807336 5098931 2578599 383 76951552 5947392 0 11518 14889 21320
1790647053.812 108807518 5098931 2581165 383 76951552 5947392 0 11529 14904 21320
1790647054.072 108807946 5098931 2583733 383 76951552 5947392 0 11540 14918 21320
1790647054.330 108808488 5098931 2586297 383 76951552 5947392 0 11551 14934 21320
1790647054.592 108808908 5098931 2588868 383 76951552 5947392 0 11562 14949 21320
1790647054.851 108809090 5099626 2591425 384 76951552 5947392 0 11571 14965 22015
1790647055.111 108809272 5099626 2593985 384 76951552 5947392 0 11580 14982 22015
1790647055.370 108809624 5099626 2596544 384 76951552 5947392 0 11591 14997 22015
1790647055.629 108809919 5099626 2599106 384 76951552 5947392 0 11602 15012 22015
1790647055.891 108810451 5099626 2601680 384 76951552 5947392 0 11613 15027 22015
1790647056.150 108810633 5099626 2604238 384 76951552 5947392 0 11623 15043 22015
1790647056.410 108810815 5099626 2606756 384 76951552 5947392 0 11632 15059 22015
1790647056.669 108811367 5099626 2609316 384 76951552 5947392 0 11643 15074 22015
1790647056.930 108811719 5099626 2611879 384 76951552 5947392 0 11653 15090 22015
1790647057.189 108811901 5099626 2614442 384 76951552 5947392 0 11663 15106 22015
1790647057.449 108812306 5099626 2617004 384 76951552 5947392 0 11673 15122 22015
1790647057.708 108812488 5099626 2619569 384 76951552 5947392 0 11684 15137 22015
1790647057.967 108812916 5099626 2622134 384 76951552 5947392 0 11694 15153 22015
1790647058.226 108813528 5099626 2624698 384 76951552 5947392 0 11703 15170 22015
1790647058.486 108814000 5099626 2627257 384 76951552 5947392 0 11713 15185 22015
1790647058.745 108814420 5099626 2629824 384 76951552 5947392 0 11726 15199 22015
1790647059.005 108814848 5099626 2632388 384 76951552 5947392 0 11735 15216 22015
1790647059.265 108815696 5099626 2634959 384 76951552 5947392 0 11745 15231 22015
1790647059.525 108815931 5099626 2637522 384 76951552 5947392 0 11756 15247 22015
1790647059.784 108816113 5099626 2640086 384 76951552 5947392 0 11766 15262 22015
1790647060.043 108816841 5099626 2642647 384 76951552 5947392 0 11776 15278 22015
1790647060.304 108817023 5099626 2645218 384 76951552 5947392 0 11786 15294 22015
1790647060.563 108817443 5099626 2647781 384 76951552 5947392 0 11796 15310 22015
1790647060.823 108817625 5099626 2650346 384 76951552 5947392 0 11807 15325 22015
1790647061.083 108817807 5099626 2652916 384 76951552 5947392 0 11817 15341 22015
1790647061.342 108818159 5099626 2655479 384 76951552 5947392 0 11826 15358 22015
1790647061.601 108818660 5099626 2657984 384 76951552 5947392 0 11836 15374 22015
1790647061.859 108818974 5099626 2660547 384 76951552 5947392 0 11847 15388 22015
1790647062.120 108819216 5099626 2663113 384 76951552 5947392 0 11858 15404 22015
1790647062.379 108819628 5099626 2665677 384 76951552 5947392 0 11869 15418 22015
1790647062.639 108820048 5099626 2668251 384 76951552 5947392 0 11879 15434 22015
1790647062.898 108820476 5099626 2670809 384 76951552 5947392 0 11888 15450 22015
1790647063.158 108820744 5099626 2673371 384 76951552 5947392 0 11899 15466 22015
1790647063.417 108821039 5099626 2675931 384 76951552 5947392 0 11909 15482 22015
1790647063.676 108821221 5099626 2678500 384 76951552 5947392 0 11919 15498 22015
1790647063.935 108821649 5099626 2681061 384 76951552 5947392 0 11929 15513 22015
1790647064.194 108821831 5099626 2683630 384 76951552 5947392 0 11939 15530 22015
1790647064.454 108822073 5099626 2686190 384 76951552 5947392 0 11948 15546 22015
1790647064.713 108822493 5099626 2688759 384 76951552 5947392 0 11958 15562 22015
1790647064.972 108822675 5100321 2691316 385 76951552 5947392 0 11969 15577 22710
1790647065.232 108822857 5100321 2693877 385 76951552 5947392 0 11979 15592 22710
1790647065.491 108823262 5100321 2696443 385 76951552 5947392 0 11989 15608 22710
1790647065.751 108823444 5100321 2699011 385 76951552 5947392 0 12000 15623 22710
1790647066.011 108823796 5100321 2701587 385 76951552 5947392 0 12011 15638 22710
