# pid 900  clk_tck=
# t rchar wchar syscr syscw read_bytes write_bytes cancelled_write_bytes utime stime hda_pos
1790647102.111 114189805 5285355 3068601 426 77017088 6180864 0 13493 17755 24802
1790647102.375 114190157 5285355 3071172 426 77017088 6180864 0 13502 17772 24802
1790647102.634 114190577 5285355 3073735 426 77017088 6180864 0 13513 17787 24802
1790647102.895 114191005 5285355 3076308 426 77017088 6180864 0 13523 17803 24802
1790647103.155 114191733 5285355 3078880 426 77017088 6180864 0 13532 17820 24802
1790647103.415 114192259 5285355 3081453 426 77017088 6180864 0 13542 17836 24802
1790647103.673 114192554 5285355 3084018 426 77017088 6180864 0 13553 17851 24802
1790647103.954 114195255 5285355 3086568 426 77017088 6180864 0 13565 17867 24802
1790647104.242 114197809 5285389 3089251 427 77017088 6180864 0 13575 17883 24836
1790647104.501 114198051 5285389 3091824 427 77017088 6180864 0 13587 17897 24836
1790647104.762 114198471 5285389 3094400 427 77017088 6180864 0 13597 17913 24836
1790647105.021 114198653 5285389 3096972 427 77017088 6180864 0 13608 17928 24836
1790647105.284 114202830 5285389 3099416 427 77017088 6180864 0 13618 17944 24836
1790647105.550 114204730 5285389 3101909 427 77017088 6180864 0 13629 17959 24836
1790647105.813 114204912 5285389 3104481 427 77017088 6180864 0 13639 17975 24836
1790647106.073 114222160 5285389 3107008 427 77017088 6180864 0 13649 17991 24836
1790647106.336 114222610 5285389 3109600 427 77017088 6180864 0 13658 18008 24836
1790647106.595 114223030 5285389 3112178 427 77017088 6180864 0 13669 18023 24836
1790647106.865 114223484 5285389 3114787 427 77017088 6180864 0 13681 18038 24836
1790647107.125 114223666 5285389 3117359 427 77017088 6180864 0 13690 18055 24836
1790647107.385 114224018 5285389 3119930 427 77017088 6180864 0 13700 18070 24836
1790647107.644 114224253 5285389 3122503 427 77017088 6180864 0 13710 18087 24836
1790647107.905 114224873 5285389 3125080 427 77017088 6180864 0 13721 18102 24836
1790647108.166 114225175 5285389 3127653 427 77017088 6180864 0 13732 18117 24836
1790647108.426 114225733 5285389 3130232 427 77017088 6180864 0 13741 18134 24836
1790647108.687 114226153 5285389 3132822 427 77017088 6180864 0 13752 18148 24836
1790647108.947 114363285 5285389 3135307 427 77017088 6180864 0 13762 18164 24836
1790647109.208 114784365 5285389 3137699 427 77017088 6180864 0 13773 18180 24836
1790647109.469 114784600 5285389 3140272 427 77017088 6180864 0 13783 18196 24836
1790647109.728 114864654 5285389 3142814 427 77017088 6180864 0 13794 18210 24836
1790647109.988 114864836 5285389 3145387 427 77017088 6180864 0 13804 18226 24836
1790647110.247 114865018 5285389 3147956 427 77017088 6180864 0 13813 18243 24836
1790647110.508 114865200 5285389 3150534 427 77017088 6180864 0 13823 18259 24836
1790647110.767 114865620 5285389 3153102 427 77017088 6180864 0 13833 18275 24836
1790647111.027 114865802 5285389 3155677 427 77017088 6180864 0 13843 18290 24836
1790647111.288 114866214 5285389 3158256 427 77017088 6180864 0 13853 18307 24836
1790647111.548 114866619 5285389 3160827 427 77017088 6180864 0 13863 18323 24836
1790647111.808 114866801 5285389 3163344 427 77017088 6180864 0 13873 18338 24836
1790647112.067 114866983 5285389 3165920 427 77017088 6180864 0 13883 18354 24836
1790647112.328 114867335 5285389 3168493 427 77017088 6180864 0 13893 18370 24836
1790647112.589 115187243 5285389 3170951 427 77017088 6180864 0 13904 18386 24836
1790647112.849 115347169 5285389 3173462 427 77017088 6180864 0 13914 18401 24836
1790647113.113 115348143 5285389 3176070 427 77017088 6180864 0 13925 18416 24836
1790647113.371 115428257 5285389 3178617 427 77017088 6180864 0 13935 18432 24836
1790647113.634 115447542 5285389 3181129 427 77017088 6189056 0 13944 18448 24836
1790647113.893 115761316 5286413 3183531 429 77017088 6197248 0 13955 18463 24836
1790647114.153 115761498 5287041 3186100 430 77017088 6197248 0 13966 18479 25464
1790647114.422 115761680 5287041 3188748 430 77017088 6197248 0 13977 18494 25464
1790647114.682 115784988 5287041 3190948 430 77017088 6266880 0 13988 18507 25464
1790647114.933 115791324 5614721 3191085 435 77017088 6545408 0 14003 18510 25464
1790647115.189 115976858 5876865 3191354 439 77017088 6823936 0 14020 18515 25464
1790647115.451 116394037 6073473 3191808 442 77017088 7032832 0 14038 18520 25464
1790647115.710 116813141 6139009 3192303 446 77017088 7114752 0 14055 18527 25464
1790647115.972 117208317 6335617 3192721 458 77017088 7360512 0 14070 18533 25464
1790647116.235 117562819 6466689 3193148 466 77017088 7544832 0 14086 18537 25464
1790647116.491 117584533 6696065 3193509 480 77017088 7831552 0 14099 18542 25464
1790647116.750 117869679 6974593 3193765 491 77017088 8134656 0 14115 18545 25464
1790647117.011 118246351 6974593 3194143 491 77017088 8134656 0 14135 18551 25464
1790647117.265 118515855 7335041 3194403 502 77017088 8581120 0 14149 18555 25464
1790647117.524 118874662 7367809 3194782 503 77017088 8581120 0 14169 18560 25464
1790647117.782 119134952 7564417 3195092 509 77017088 8802304 0 14185 18565 25464
1790647118.041 119329948 7908481 3195299 519 77017088 9187328 0 14197 18570 25464
1790647118.302 119640922 8105089 3195574 523 77017088 9400320 0 14214 18575 25464
1790647118.562 119936112 8301697 3195847 527 77017088 9666560 0 14231 18579 25464
1790647118.822 120230196 8547457 3196139 532 77017088 9879552 0 14249 18585 25464
1790647119.080 120541416 8744065 3196428 536 77017088 10092544 0 14266 18590 25464
1790647119.341 120834478 8957057 3196692 540 77017088 10321920 0 14285 18594 25464
1790647119.600 121108255 9153665 3196911 543 77017088 10530816 0 14304 18598 25464
1790647119.859 121381859 9350273 3197124 546 77017088 10739712 0 14321 18603 25464
1790647120.121 121692841 9612417 3197346 550 77017088 11018240 0 14339 18608 25464
1790647120.381 122020205 9809025 3197575 553 77017088 11227136 0 14358 18613 25464
1790647120.641 122022171 9874561 3199729 554 77017088 11296768 0 14368 18628 25464
1790647120.901 122022361 9874561 3202297 554 77017088 11296768 0 14378 18644 25464
1790647121.161 122023097 9874561 3204866 554 77017088 11296768 0 14388 18660 25464
1790647121.421 122024173 9874561 3207430 554 77017088 11296768 0 14399 18675 25464
1790647121.683 122024512 9874561 3210021 554 77017088 11296768 0 14410 18690 25464
1790647121.955 122025457 9874561 3212676 554 77017088 11296768 0 14421 18706 25464
1790647122.219 122025903 9874561 3215259 554 77017088 11296768 0 14431 18722 25464
1790647122.479 122026323 9874561 3217821 554 77017088 11296768 0 14442 18737 25464
1790647122.739 122027301 9874561 3220391 554 77017088 11296768 0 14452 18753 25464
1790647123.000 122028488 9874561 3222963 554 77017088 11296768 0 14463 18768 25464
1790647123.260 122029066 9874561 3225533 554 77017088 11296768 0 14473 18784 25464
1790647123.520 122029395 9874561 3228106 554 77017088 11296768 0 14484 18799 25464
1790647123.780 122029645 9874561 3230681 554 77017088 11296768 0 14493 18816 25464
1790647124.041 122030081 9874561 3233256 554 77017088 11296768 0 14503 18832 25464
1790647124.301 122030271 9875252 3235824 555 77017088 11296768 0 14514 18847 26155
1790647124.561 122030461 9875252 3238394 555 77017088 11296768 0 14524 18862 26155
1790647124.821 122030949 9875252 3240966 555 77017088 11296768 0 14534 18878 26155
1790647125.083 122031139 9875252 3243548 555 77017088 11296768 0 14545 18894 26155
1790647125.342 122175883 9875252 3246034 555 77017088 11296768 0 14555 18910 26155
1790647125.604 122218622 9875252 3248585 555 77017088 11296768 0 14565 18925 26155
1790647125.864 122239462 9875252 3251148 555 77017088 11296768 0 14575 18942 26155
1790647126.124 122239652 9875252 3253717 555 77017088 11296768 0 14584 18958 26155
1790647126.384 122258848 9878324 3255957 561 77017088 11325440 0 14593 18972 26155
1790647126.644 122259276 9878324 3258518 561 77017088 11325440 0 14604 18988 26155
1790647126.905 122259640 9878324 3261029 561 77017088 11325440 0 14614 19004 26155
1790647127.165 122259830 9878324 3263603 561 77017088 11325440 0 14625 19018 26155
1790647127.425 122260020 9878324 3266175 561 77017088 11325440 0 14635 19035 26155
1790647127.685 122260503 9878324 3268748 561 77017088 11325440 0 14644 19051 26155
1790647127.945 122260939 9878324 3271321 561 77017088 11325440 0 14653 19068 26155
1790647128.205 122261129 9878324 3273894 561 77017088 11325440 0 14662 19085 26155
1790647128.465 122261489 9878324 3276474 561 77017088 11325440 0 14671 19101 26155
1790647128.730 122262175 9878324 3279101 561 77017088 11325440 0 14682 19118 26155
1790647128.993 122262653 9878324 3281670 561 77017088 11325440 0 14693 19132 26155
1790647129.253 122262909 9878324 3284245 561 77017088 11325440 0 14704 19148 26155
1790647129.513 122263338 9878324 3286816 561 77017088 11325440 0 14714 19163 26155
1790647129.773 122263594 9878324 3289391 561 77017088 11325440 0 14725 19178 26155
1790647130.034 122265530 9878324 3291971 561 77017088 11325440 0 14736 19193 26155
1790647130.295 122265786 9878324 3294549 561 77017088 11325440 0 14744 19211 26155
1790647130.560 122266042 9878324 3297207 561 77017088 11325440 0 14756 19226 26155
1790647130.824 122266536 9878324 3299782 561 77017088 11325440 0 14767 19241 26155
1790647131.084 122266792 9878324 3302358 561 77017088 11325440 0 14777 19257 26155
1790647131.344 122267218 9878324 3304924 561 77017088 11325440 0 14788 19272 26155
1790647131.604 122267697 9878324 3307497 561 77017088 11325440 0 14798 19288 26155
1790647131.863 122267953 9878324 3310012 561 77017088 11325440 0 14808 19303 26155
1790647132.123 122268329 9878324 3312584 561 77017088 11325440 0 14817 19320 26155
1790647132.382 122268755 9878324 3315148 561 77017088 11325440 0 14827 19336 26155
1790647132.642 122269249 9878324 3317714 561 77017088 11325440 0 14838 19351 26155
1790647132.902 122269505 9878324 3320284 561 77017088 11325440 0 14848 19367 26155
1790647133.162 122270007 9878324 3322855 561 77017088 11325440 0 14858 19383 26155
1790647133.421 122270263 9878324 3325428 561 77017088 11325440 0 14868 19399 26155
1790647133.681 122271396 9878324 3327996 561 77017088 11325440 0 14879 19414 26155
1790647133.940 122271652 9878324 3330573 561 77017088 11325440 0 14888 19430 26155
1790647134.201 122272154 9879019 3333150 562 77017088 11325440 0 14898 19446 26850
1790647134.460 122272410 9879019 3335716 562 77017088 11325440 0 14908 19463 26850
1790647134.720 122273366 9879019 3338286 562 77017088 11325440 0 14918 19478 26850
1790647134.979 122273622 9879019 3340852 562 77017088 11325440 0 14927 19495 26850
1790647135.237 122273878 9879019 3343425 562 77017088 11325440 0 14937 19511 26850
1790647135.501 122274357 9879019 3345998 562 77017088 11325440 0 14947 19527 26850
1790647135.760 122274613 9879019 3348567 562 77017088 11325440 0 14958 19542 26850
1790647136.019 122275039 9879019 3351136 562 77017088 11325440 0 14969 19557 26850
1790647136.279 122275295 9879019 3353708 562 77017088 11325440 0 14978 19573 26850
1790647136.538 122275551 9879019 3356281 562 77017088 11325440 0 14989 19588 26850
1790647136.801 122276215 9879019 3358826 562 77017088 11325440 0 14999 19605 26850
1790647137.071 122276471 9879019 3361458 562 77017088 11325440 0 15009 19620 26850
1790647137.331 122276727 9879019 3364034 562 77017088 11325440 0 15019 19637 26850
1790647137.590 122277206 9879019 3366604 562 77017088 11325440 0 15029 19652 26850
1790647137.850 122277462 9879019 3369171 562 77017088 11325440 0 15039 19668 26850
1790647138.110 122278024 9879019 3371740 562 77017088 11325440 0 15049 19685 26850
1790647138.370 122278280 9879019 3374314 562 77017088 11325440 0 15058 19701 26850
1790647138.627 122279248 9879019 3376886 562 77017088 11325440 0 15069 19717 26850
1790647138.890 122279984 9879019 3379462 562 77017088 11325440 0 15080 19732 26850
1790647139.148 122281032 9879019 3382032 562 77017088 11325440 0 15090 19747 26850
1790647139.411 122281288 9879019 3384614 562 77017088 11325440 0 15099 19764 26850
1790647139.671 122281657 9879019 3387189 562 77017088 11325440 0 15109 19780 26850
1790647139.930 122282093 9879019 3389760 562 77017088 11325440 0 15120 19795 26850
1790647140.190 122282349 9879019 3392336 562 77017088 11325440 0 15130 19810 26850
1790647140.450 122282605 9879019 3394910 562 77017088 11325440 0 15141 19826 26850
1790647140.709 122283099 9879019 3397483 562 77017088 11325440 0 15152 19841 26850
1790647140.969 122283355 9879019 3400056 562 77017088 11325440 0 15162 19856 26850
1790647141.228 122283611 9879019 3402630 562 77017088 11325440 0 15172 19872 26850
1790647141.488 122284464 9879019 3405211 562 77017088 11325440 0 15181 19889 26850
1790647141.749 122285000 9879019 3407782 562 77017088 11325440 0 15192 19904 26850
1790647142.008 122285496 9879019 3410298 562 77017088 11325440 0 15202 19920 26850
1790647142.268 122285752 9879019 3412876 562 77017088 11325440 0 15212 19936 26850
1790647142.528 122286178 9879019 3415449 562 77017088 11325440 0 15223 19951 26850
1790647142.787 122286672 9879019 3418016 562 77017088 11325440 0 15232 19967 26850
1790647143.046 122287354 9879019 3420582 562 77017088 11325440 0 15243 19983 26850
1790647143.307 122287610 9879019 3423157 562 77017088 11325440 0 15254 19997 26850
1790647143.567 122288177 9879019 3425737 562 77017088 11325440 0 15263 20014 26850
1790647143.827 122288493 9879019 3428308 562 77017088 11325440 0 15273 20030 26850
1790647144.087 122289097 9879019 3430887 562 77017088 11325440 0 15282 20047 26850
1790647144.347 122289455 9879714 3433468 563 77017088 11325440 0 15292 20062 27545
1790647144.607 122289711 9879714 3436039 563 77017088 11325440 0 15304 20077 27545
1790647144.866 122290265 9879714 3438614 563 77017088 11325440 0 15315 20092 27545
