# pid 900  clk_tck=
# t rchar wchar syscr syscw read_bytes write_bytes cancelled_write_bytes utime stime hda_pos
1790647178.550 132760678 10065049 3778124 604 77017088 11558912 0 16693 22024 29637
1790647178.810 132761960 10065049 3780727 604 77017088 11558912 0 16706 22037 29637
1790647179.073 132762462 10065049 3783340 604 77017088 11558912 0 16716 22053 29637
1790647179.333 132762718 10065049 3785941 604 77017088 11558912 0 16727 22068 29637
1790647179.593 132763027 10065049 3788531 604 77017088 11558912 0 16737 22084 29637
1790647179.852 132763403 10065049 3791119 604 77017088 11558912 0 16748 22100 29637
1790647180.112 132763659 10065049 3793710 604 77017088 11558912 0 16759 22114 29637
1790647180.385 132767559 10065049 3796358 604 77017088 11558912 0 16772 22131 29637
1790647180.695 132774507 10065083 3799225 605 77017088 11558912 0 16784 22146 29671
1790647180.954 132774763 10065083 3801817 605 77017088 11558912 0 16795 22161 29671
1790647181.214 132775565 10065083 3804408 605 77017088 11558912 0 16806 22176 29671
1790647181.475 132776161 10065083 3807003 605 77017088 11558912 0 16817 22191 29671
1790647181.742 132785216 10065083 3809562 605 77017088 11558912 0 16827 22208 29671
1790647182.034 132788896 10065083 3812382 605 77017088 11558912 0 16840 22224 29671
1790647182.314 132806108 10065083 3815061 605 77017088 11558912 0 16851 22239 29671
1790647182.575 132807068 10065083 3817649 605 77017088 11558912 0 16862 22254 29671
1790647182.834 132807562 10065083 3820240 605 77017088 11558912 0 16873 22270 29671
1790647183.094 132808124 10065083 3822822 605 77017088 11558912 0 16883 22285 29671
1790647183.353 132808380 10065083 3825403 605 77017088 11558912 0 16894 22301 29671
1790647183.612 132808689 10065083 3827983 605 77017088 11558912 0 16903 22317 29671
1790647183.870 132809091 10065083 3830564 605 77017088 11558912 0 16913 22333 29671
1790647184.130 132809593 10065083 3833148 605 77017088 11558912 0 16924 22347 29671
1790647184.391 132809849 10065083 3835737 605 77017088 11558912 0 16937 22361 29671
1790647184.650 132810105 10065083 3838323 605 77017088 11558912 0 16948 22376 29671
1790647184.910 132810791 10065083 3840912 605 77017088 11558912 0 16959 22390 29671
1790647185.169 132811047 10065083 3843494 605 77017088 11558912 0 16969 22406 29671
1790647185.429 132892409 10065083 3846046 605 77017088 11558912 0 16979 22422 29671
1790647185.688 132896362 10065083 3848615 605 77017088 11558912 0 16990 22437 29671
1790647185.948 132897262 10065083 3851196 605 77017088 11558912 0 17002 22451 29671
1790647186.208 132898538 10065083 3853789 605 77017088 11558912 0 17013 22466 29671
1790647186.469 132900590 10065083 3856384 605 77017088 11558912 0 17024 22481 29671
1790647186.728 132903208 10065083 3858962 605 77017088 11558912 0 17034 22496 29671
1790647186.987 132903634 10065083 3861542 605 77017088 11558912 0 17044 22512 29671
1790647187.247 132903890 10065083 3864068 605 77017088 11558912 0 17055 22527 29671
1790647187.507 132904369 10065083 3866654 605 77017088 11558912 0 17066 22542 29671
1790647187.768 132905275 10065083 3869256 605 77017088 11558912 0 17078 22556 29671
1790647188.028 132905777 10065083 3871836 605 77017088 11558912 0 17090 22570 29671
1790647188.288 132906033 10065083 3874431 605 77017088 11558912 0 17101 22585 29671
1790647188.548 132907125 10065083 3877011 605 77017088 11558912 0 17110 22601 29671
1790647188.807 132907877 10065083 3879595 605 77017088 11558912 0 17121 22617 29671
1790647189.067 132908379 10065083 3882188 605 77017088 11558912 0 17131 22633 29671
1790647189.328 132909379 10065083 3884786 605 77017088 11558912 0 17141 22648 29671
1790647189.589 132910428 10065083 3887382 605 77017088 11558912 0 17151 22665 29671
1790647189.850 132912158 10065083 3889986 605 77017088 11558912 0 17162 22680 29671
1790647190.110 133110048 10066107 3892346 607 77017088 11575296 0 17172 22694 29671
1790647190.369 133251616 10066107 3894880 607 77017088 11575296 0 17183 22709 29671
1790647190.628 133251872 10066728 3897464 608 77017088 11575296 0 17193 22724 30292
1790647190.888 133252366 10066728 3900050 608 77017088 11575296 0 17204 22740 30292
1790647191.148 133258774 10328872 3900354 612 77017088 11853824 0 17221 22745 30292
1790647191.406 133410314 10591016 3900615 616 77017088 12201984 0 17237 22750 30292
1790647191.666 133845655 10787624 3901085 619 77017088 12410880 0 17254 22756 30292
1790647191.923 134263479 10902312 3901564 623 77017088 12472320 0 17271 22763 30292
1790647192.182 134606401 11115304 3901956 636 77017088 12738560 0 17284 22769 30292
1790647192.442 135013103 11229992 3902421 643 77017088 12881920 0 17301 22775 30292
1790647192.698 135054347 11459368 3902799 657 77017088 13189120 0 17314 22779 30292
1790647192.950 135322763 11754280 3903068 669 77017088 13512704 0 17328 22783 30292
1790647193.210 135681725 11754280 3903445 669 77017088 13512704 0 17349 22788 30292
1790647193.462 135964615 12016424 3903732 677 77017088 13848576 0 17363 22792 30292
1790647193.724 136328114 12147496 3904100 681 77017088 13959168 0 17383 22797 30292
1790647193.983 136605768 12311336 3904447 686 77017088 14143488 0 17400 22802 30292
1790647194.240 136766538 12688168 3904642 697 77017088 14565376 0 17412 22805 30292
1790647194.489 137059666 12884776 3904900 701 77017088 14778368 0 17429 22810 30292
1790647194.745 137353092 13081384 3905173 705 77017088 14991360 0 17447 22814 30292
1790647194.996 137646784 13277992 3905478 709 77017088 15204352 0 17464 22819 30292
1790647195.257 137939912 13474600 3905744 713 77017088 15417344 0 17481 22824 30292
1790647195.517 138215343 13671208 3906013 717 77017088 15630336 0 17499 22828 30292
1790647195.777 138490549 13867816 3906234 720 77017088 15908864 0 17517 22833 30292
1790647196.031 138818151 14129960 3906466 724 77017088 16117760 0 17534 22839 30292
1790647196.293 139127661 14326568 3906699 727 77017088 16326656 0 17551 22844 30292
1790647196.553 139401331 14523176 3906907 730 77017088 16535552 0 17570 22849 30292
1790647196.812 139494501 14654248 3908457 732 77017088 16674816 0 17584 22859 30292
1790647197.072 139495029 14654248 3911040 732 77017088 16674816 0 17594 22875 30292
1790647197.331 139495349 14654248 3913557 732 77017088 16674816 0 17605 22889 30292
1790647197.591 139495828 14654248 3916154 732 77017088 16674816 0 17616 22905 30292
1790647197.852 139496084 14654248 3918741 732 77017088 16674816 0 17627 22919 30292
1790647198.112 139496586 14654248 3921325 732 77017088 16674816 0 17637 22935 30292
1790647198.377 139499871 14654248 3923958 732 77017088 16674816 0 17647 22951 30292
1790647198.637 139500297 14654248 3926533 732 77017088 16674816 0 17656 22968 30292
1790647198.897 139500963 14654248 3929120 732 77017088 16674816 0 17666 22984 30292
1790647199.158 139501585 14654248 3931711 732 77017088 16674816 0 17678 22998 30292
1790647199.416 139502592 14654248 3934299 732 77017088 16674816 0 17689 23014 30292
1790647199.679 139503157 14654248 3936902 732 77017088 16674816 0 17698 23030 30292
1790647199.939 139503533 14654248 3939485 732 77017088 16674816 0 17708 23046 30292
1790647200.199 139716405 14654248 3941648 732 77066240 16674816 0 17720 23060 30292
1790647200.464 139755633 14654248 3944197 732 77066240 16674816 0 17732 23075 30292
1790647200.723 139756127 14654938 3946782 733 77066240 16674816 0 17743 23089 30982
1790647200.984 139756383 14654938 3949372 733 77066240 16674816 0 17754 23104 30982
1790647201.243 139756639 14654938 3951958 733 77066240 16674816 0 17765 23119 30982
1790647201.503 139757118 14654938 3954539 733 77066240 16674816 0 17776 23134 30982
1790647201.763 139814376 14654938 3957090 733 77066240 16674816 0 17788 23148 30982
1790647202.023 139815176 14654938 3959667 733 77066240 16674816 0 17797 23164 30982
1790647202.282 139815708 14654938 3962162 733 77066240 16674816 0 17807 23179 30982
1790647202.541 139835080 14658010 3964485 739 77066240 16703488 0 17819 23192 30982
1790647202.801 139835574 14658010 3967074 739 77066240 16703488 0 17830 23206 30982
1790647203.061 139836256 14658010 3969665 739 77066240 16703488 0 17840 23222 30982
1790647203.321 139836512 14658010 3972248 739 77066240 16703488 0 17851 23237 30982
1790647203.581 139837613 14658010 3974843 739 77066240 16703488 0 17862 23252 30982
1790647203.840 139838127 14658010 3977430 739 77066240 16703488 0 17873 23267 30982
1790647204.100 139838689 14658010 3980013 739 77066240 16703488 0 17884 23282 30982
1790647204.359 139838945 14658010 3982597 739 77066240 16703488 0 17894 23297 30982
1790647204.619 139839201 14658010 3985183 739 77066240 16703488 0 17905 23312 30982
1790647204.879 139839785 14658010 3987765 739 77066240 16703488 0 17917 23327 30982
1790647205.137 139840101 14658010 3990348 739 77066240 16703488 0 17927 23342 30982
1790647205.399 139840527 14658010 3992938 739 77066240 16703488 0 17937 23358 30982
1790647205.659 139840836 14658010 3995525 739 77066240 16703488 0 17949 23372 30982
1790647205.920 139841092 14658010 3998115 739 77066240 16703488 0 17961 23386 30982
1790647206.180 139841518 14658010 4000706 739 77066240 16703488 0 17973 23400 30982
1790647206.440 139841774 14658010 4003294 739 77066240 16703488 0 17984 23415 30982
1790647206.699 139842096 14658010 4005881 739 77066240 16703488 0 17995 23430 30982
1790647206.960 139842916 14658010 4008475 739 77066240 16703488 0 18006 23444 30982
1790647207.220 139843278 14658010 4011012 739 77066240 16703488 0 18017 23460 30982
1790647207.483 139844029 14658010 4013608 739 77066240 16703488 0 18027 23476 30982
1790647207.743 139844508 14658010 4016202 739 77066240 16703488 0 18037 23492 30982
1790647208.003 139844764 14658010 4018787 739 77066240 16703488 0 18048 23506 30982
1790647208.263 139845266 14658010 4021370 739 77066240 16703488 0 18058 23522 30982
1790647208.521 139845522 14658010 4023956 739 77066240 16703488 0 18068 23538 30982
1790647208.783 139846186 14658010 4026551 739 77066240 16703488 0 18079 23553 30982
1790647209.043 139846442 14658010 4029145 739 77066240 16703488 0 18089 23569 30982
1790647209.304 139846944 14658010 4031741 739 77066240 16703488 0 18101 23583 30982
1790647209.563 139847253 14658010 4034331 739 77066240 16703488 0 18111 23599 30982
1790647209.823 139847509 14658010 4036913 739 77066240 16703488 0 18123 23612 30982
1790647210.083 139847855 14658010 4039504 739 77066240 16703488 0 18135 23627 30982
1790647210.342 139848111 14658010 4042091 739 77066240 16703488 0 18146 23641 30982
1790647210.602 139848367 14658703 4044667 740 77066240 16703488 0 18157 23656 31675
1790647210.859 139848951 14658703 4047256 740 77066240 16703488 0 18169 23670 31675
1790647211.121 139849753 14658703 4049851 740 77066240 16703488 0 18181 23684 31675
1790647211.382 139850473 14658703 4052441 740 77066240 16703488 0 18193 23698 31675
1790647211.642 139851648 14658703 4055024 740 77066240 16703488 0 18203 23713 31675
1790647211.900 139851904 14658703 4057605 740 77066240 16703488 0 18214 23729 31675
1790647212.161 139852160 14658703 4060192 740 77066240 16703488 0 18225 23744 31675
1790647212.432 139852688 14658703 4062852 740 77066240 16703488 0 18236 23760 31675
1790647212.694 139852944 14658703 4065457 740 77066240 16703488 0 18246 23776 31675
1790647212.954 139853438 14658703 4068050 740 77066240 16703488 0 18258 23790 31675
1790647213.214 139853940 14658703 4070644 740 77066240 16703488 0 18268 23806 31675
1790647213.474 139854316 14658703 4073224 740 77066240 16703488 0 18279 23820 31675
1790647213.733 139854685 14658703 4075815 740 77066240 16703488 0 18290 23835 31675
1790647213.993 139855671 14658703 4078411 740 77066240 16703488 0 18302 23850 31675
1790647214.254 139856233 14658703 4081007 740 77066240 16703488 0 18313 23864 31675
1790647214.514 139856489 14658703 4083650 740 77066240 16703488 0 18322 23882 31675
1790647214.777 139856983 14658703 4086248 740 77066240 16703488 0 18332 23898 31675
1790647215.040 139857599 14658703 4088840 740 77066240 16703488 0 18343 23913 31675
1790647215.300 139857855 14658703 4091430 740 77066240 16703488 0 18354 23928 31675
1790647215.559 139858466 14658703 4094011 740 77066240 16703488 0 18365 23943 31675
1790647215.819 139858722 14658703 4096596 740 77066240 16703488 0 18376 23958 31675
1790647216.079 139859148 14658703 4099194 740 77066240 16703488 0 18387 23973 31675
1790647216.339 139859404 14658703 4101790 740 77066240 16703488 0 18398 23987 31675
1790647216.599 139859720 14658703 4104375 740 77066240 16703488 0 18408 24003 31675
1790647216.858 139860214 14658703 4106962 740 77066240 16703488 0 18418 24019 31675
1790647217.118 139860640 14658703 4109545 740 77066240 16703488 0 18430 24033 31675
1790647217.377 139861442 14658703 4112074 740 77066240 16703488 0 18441 24048 31675
1790647217.637 139861921 14658703 4114662 740 77066240 16703488 0 18453 24062 31675
1790647217.896 139862177 14658703 4117252 740 77066240 16703488 0 18464 24077 31675
1790647218.156 139862679 14658703 4119842 740 77066240 16703488 0 18473 24094 31675
1790647218.416 139862935 14658703 4122440 740 77066240 16703488 0 18485 24108 31675
1790647218.675 139863361 14658703 4125020 740 77066240 16703488 0 18497 24121 31675
1790647218.934 139864259 14658703 4127609 740 77066240 16703488 0 18506 24138 31675
1790647219.194 139864881 14658703 4130199 740 77066240 16703488 0 18517 24153 31675
1790647219.454 139865137 14658703 4132786 740 77066240 16703488 0 18530 24167 31675
1790647219.714 139865446 14658703 4135380 740 77066240 16703488 0 18541 24181 31675
1790647219.974 139865762 14658703 4137972 740 77066240 16703488 0 18552 24196 31675
1790647220.233 139866078 14658703 4140558 740 77066240 16703488 0 18565 24209 31675
1790647220.491 139866334 14658703 4143145 740 77066240 16703488 0 18576 24224 31675
1790647220.752 139866828 14659396 4145727 741 77066240 16703488 0 18588 24238 32368
1790647221.011 139868091 14659396 4148310 741 77066240 16703488 0 18598 24253 32368
1790647221.271 139868347 14659396 4150904 741 77066240 16703488 0 18609 24269 32368
