# pid 947  clk_tck=
# t rchar wchar syscr syscw read_bytes write_bytes cancelled_write_bytes utime stime hda_pos
1790645602.061 161673387 14933160 5841148 881 72961024 17137664 0 23044 34605 41450
1790645602.324 161673769 14933160 5843752 881 72961024 17137664 0 23054 34620 41450
1790645602.582 161674025 14933160 5846346 881 72961024 17137664 0 23066 34635 41450
1790645602.841 161675043 14933160 5848948 881 72961024 17137664 0 23077 34649 41450
1790645603.100 161675299 14933160 5851546 881 72961024 17137664 0 23087 34665 41450
1790645603.358 161675555 14933160 5854148 881 72961024 17137664 0 23097 34681 41450
1790645603.617 161676102 14933160 5856756 881 72961024 17137664 0 23108 34696 41450
1790645603.880 161680002 14933160 5859402 881 72961024 17137664 0 23120 34711 41450
1790645604.183 161686646 14933194 5862088 882 72961024 17137664 0 23130 34727 41484
1790645604.441 161686902 14933194 5864688 882 72961024 17137664 0 23140 34743 41484
1790645604.699 161687248 14933194 5867285 882 72961024 17137664 0 23150 34759 41484
1790645604.960 161687674 14933194 5869849 882 72961024 17137664 0 23159 34776 41484
1790645605.231 161696448 14933194 5872430 882 72961024 17137664 0 23171 34790 41484
1790645605.497 161905339 14933194 5874931 882 72961024 17137664 0 23181 34807 41484
1790645605.756 161906044 14933194 5877543 882 72961024 17137664 0 23191 34822 41484
1790645606.017 161926780 14933194 5880128 882 72961024 17137664 0 23202 34837 41484
1790645606.276 162502721 14933194 5881533 882 73485312 17137664 0 23219 34846 41484
1790645606.538 163112443 14933194 5882761 882 73907200 17137664 0 23237 34854 41484
1790645606.799 163214185 14933194 5885253 882 73907200 17137664 0 23247 34870 41484
1790645607.058 163214611 14933194 5887857 882 73907200 17137664 0 23258 34885 41484
1790645607.318 163519507 14933194 5889806 882 73907200 17137664 0 23272 34897 41484
1790645607.578 164129334 14933194 5891041 882 73907200 17137664 0 23290 34905 41484
1790645607.840 164721808 14933194 5892293 882 74038272 17137664 0 23307 34914 41484
1790645608.103 165188360 14933194 5893838 882 74562560 17137664 0 23323 34924 41484
1790645608.365 165672468 14933194 5895340 882 74955776 17137664 0 23338 34935 41484
1790645608.625 166282020 14933194 5896564 882 75377664 17137664 0 23357 34941 41484
1790645608.879 166450576 15064266 5898050 884 75377664 17285120 0 23372 34950 41484
1790645609.145 166456984 15326410 5899113 888 75382784 17563648 0 23385 34959 41484
1790645609.401 166463392 15588554 5900449 892 75393024 17842176 0 23399 34967 41484
1790645609.661 166470091 15850698 5901488 896 75403264 18120704 0 23413 34974 41484
1790645609.909 166476501 16047306 5902633 899 75413504 18399232 0 23425 34981 41484
1790645610.164 166481373 16309450 5903730 903 75421184 18612224 0 23439 34988 41484
1790645610.423 166487781 16571594 5904899 907 75431424 18890752 0 23452 34996 41484
1790645610.684 166495725 16833738 5905990 911 75444224 19238912 0 23466 35003 41484
1790645610.946 166500937 17095882 5907367 915 75451904 19447808 0 23481 35011 41484
1790645611.207 166507345 17358026 5908481 919 75462144 19726336 0 23495 35018 41484
1790645611.467 166513813 17620170 5909691 923 75472896 20004864 0 23509 35027 41484
1790645611.727 166520758 17882314 5910814 927 75483136 20283392 0 23522 35034 41484
1790645611.986 166527336 18144458 5912086 931 75493376 20561920 0 23536 35043 41484
1790645612.247 166533744 18406602 5913225 935 75503616 20840448 0 23550 35051 41484
1790645612.506 166540152 18668746 5914177 939 75513856 21118976 0 23561 35057 41484
1790645612.766 166583674 18890954 5915450 944 75626496 21360640 0 23572 35068 41484
1790645613.026 166648564 18891978 5917964 946 75626496 21368832 0 23581 35083 41484
1790645613.285 166648880 18891978 5920560 946 75626496 21368832 0 23592 35099 41484
1790645613.544 166699369 18898122 5922645 956 75626496 21409792 0 23600 35111 41484
1790645613.803 166699863 18898122 5925245 956 75626496 21409792 0 23612 35126 41484
1790645614.062 166823119 18898789 5927719 957 75626496 21409792 0 23622 35141 42151
1790645614.325 167376335 18898789 5929251 957 75626496 21409792 0 23639 35151 42151
1790645614.586 168072911 18898789 5930473 957 75626496 21409792 0 23657 35158 42151
1790645614.846 168237693 18898789 5932742 957 75626496 21409792 0 23668 35173 42151
1790645615.104 168239487 18899813 5935211 959 75626496 21422080 0 23678 35188 42151
1790645615.363 168241451 18900837 5937748 961 75626496 21430272 0 23688 35203 42151
1790645615.622 168242058 18900837 5940346 961 75626496 21430272 0 23699 35218 42151
1790645615.880 168242314 18900837 5942945 961 75626496 21430272 0 23710 35233 42151
1790645616.140 168242630 18900837 5945552 961 75626496 21430272 0 23721 35248 42151
1790645616.398 168243056 18900837 5948146 961 75626496 21430272 0 23731 35264 42151
1790645616.657 168243558 18900837 5950747 961 75626496 21430272 0 23741 35279 42151
1790645616.915 168243984 18900837 5953342 961 75626496 21430272 0 23753 35293 42151
1790645617.174 168245123 18900837 5955942 961 75626496 21430272 0 23762 35310 42151
1790645617.433 168245499 18900837 5958548 961 75626496 21430272 0 23772 35326 42151
1790645617.692 168246510 18900837 5961145 961 75626496 21430272 0 23782 35341 42151
1790645617.951 168248188 18900837 5963738 961 75626496 21430272 0 23794 35355 42151
1790645618.210 168249451 18900837 5966339 961 75626496 21430272 0 23804 35371 42151
1790645618.468 168249707 18900837 5968937 961 75626496 21430272 0 23814 35387 42151
1790645618.726 168249963 18900837 5971535 961 75626496 21430272 0 23825 35402 42151
1790645618.986 168250825 18900837 5974133 961 75626496 21430272 0 23834 35418 42151
1790645619.244 168251081 18900837 5976739 961 75626496 21430272 0 23845 35434 42151
1790645619.503 168251390 18900837 5979351 961 75626496 21430272 0 23854 35451 42151
1790645619.761 168251884 18900837 5981950 961 75626496 21430272 0 23863 35467 42151
1790645620.020 168252144 18900837 5984486 961 75626496 21430272 0 23874 35482 42151
1790645620.279 168252400 18900837 5987089 961 75626496 21430272 0 23883 35498 42151
1790645620.537 168252656 18900837 5989685 961 75626496 21430272 0 23893 35514 42151
1790645620.796 168253082 18900837 5992291 961 75626496 21430272 0 23905 35529 42151
1790645621.056 168253508 18900837 5994896 961 75626496 21430272 0 23915 35544 42151
1790645621.315 168253764 18900837 5997492 961 75626496 21430272 0 23926 35559 42151
1790645621.573 168254169 18900837 6000090 961 75626496 21430272 0 23937 35574 42151
1790645621.831 168255079 18900837 6002690 961 75626496 21430272 0 23948 35588 42151
1790645622.090 168255437 18900837 6005286 961 75626496 21430272 0 23959 35604 42151
1790645622.349 168255693 18900837 6007888 961 75626496 21430272 0 23970 35618 42151
1790645622.608 168256009 18900837 6010491 961 75626496 21430272 0 23979 35634 42151
1790645622.866 168256753 18900837 6013082 961 75626496 21430272 0 23990 35650 42151
1790645623.126 168257141 18900837 6015685 961 75626496 21430272 0 24000 35665 42151
1790645623.384 168257397 18900837 6018286 961 75626496 21430272 0 24011 35680 42151
1790645623.642 168257944 18900837 6020888 961 75626496 21430272 0 24021 35696 42151
1790645623.902 168258200 18900837 6023495 961 75626496 21430272 0 24032 35711 42151
1790645624.160 168258456 18901512 6026093 962 75626496 21430272 0 24042 35727 42826
1790645624.420 168258712 18901512 6028701 962 75626496 21430272 0 24052 35742 42826
1790645624.678 168258968 18901512 6031296 962 75626496 21430272 0 24064 35757 42826
1790645624.936 168259394 18901512 6033832 962 75626496 21430272 0 24073 35773 42826
1790645625.195 168259650 18901512 6036434 962 75626496 21430272 0 24083 35789 42826
1790645625.454 168260076 18901512 6039032 962 75626496 21430272 0 24093 35804 42826
1790645625.711 168260623 18901512 6041635 962 75626496 21430272 0 24104 35820 42826
1790645625.972 168260879 18901512 6044239 962 75626496 21430272 0 24114 35835 42826
1790645626.230 168261135 18901512 6046841 962 75626496 21430272 0 24124 35851 42826
1790645626.489 168261621 18901512 6049439 962 75626496 21430272 0 24134 35867 42826
1790645626.747 168262123 18901512 6052036 962 75626496 21430272 0 24144 35883 42826
1790645627.007 168262549 18901512 6054640 962 75626496 21430272 0 24154 35898 42826
1790645627.266 168262805 18901512 6057242 962 75626496 21430272 0 24164 35914 42826
1790645627.525 168263114 18901512 6059849 962 75626496 21430272 0 24174 35930 42826
1790645627.784 168263974 18901512 6062456 962 75626496 21430272 0 24185 35945 42826
1790645628.041 168264846 18901512 6065053 962 75626496 21430272 0 24195 35961 42826
1790645628.302 168265102 18901512 6067652 962 75626496 21430272 0 24206 35975 42826
1790645628.560 168265358 18901512 6070252 962 75626496 21430272 0 24217 35991 42826
1790645628.819 168265614 18901512 6072856 962 75626496 21430272 0 24227 36006 42826
1790645629.078 168266230 18901512 6075452 962 75626496 21430272 0 24237 36022 42826
1790645629.337 168266486 18901512 6078056 962 75626496 21430272 0 24246 36039 42826
1790645629.595 168267033 18901512 6080659 962 75626496 21430272 0 24257 36054 42826
1790645629.857 168267289 18901512 6083279 962 75626496 21430272 0 24266 36071 42826
1790645630.124 168267545 18901512 6085889 962 75626496 21430272 0 24276 36087 42826
1790645630.383 168267801 18901512 6088492 962 75626496 21430272 0 24287 36102 42826
1790645630.641 168268057 18901512 6091094 962 75626496 21430272 0 24297 36117 42826
1790645630.901 168268653 18901512 6093704 962 75626496 21430272 0 24306 36134 42826
1790645631.160 168268909 18901512 6096300 962 75626496 21430272 0 24317 36149 42826
1790645631.419 168269165 18901512 6098903 962 75626496 21430272 0 24327 36165 42826
1790645631.677 168269958 18901512 6101505 962 75626496 21430272 0 24338 36180 42826
1790645631.936 168270384 18901512 6104102 962 75626496 21430272 0 24348 36195 42826
1790645632.196 168271306 18901512 6106707 962 75626496 21430272 0 24358 36212 42826
1790645632.454 168271694 18901512 6109309 962 75626496 21430272 0 24368 36227 42826
1790645632.713 168271950 18901512 6111916 962 75626496 21430272 0 24378 36243 42826
1790645632.977 168273088 18901512 6114557 962 75626496 21430272 0 24388 36259 42826
1790645633.235 168273344 18901512 6117157 962 75626496 21430272 0 24398 36275 42826
1790645633.494 168273653 18901512 6119765 962 75626496 21430272 0 24408 36291 42826
1790645633.753 168274267 18901512 6122364 962 75626496 21430272 0 24418 36306 42826
1790645634.012 168274643 18901512 6124969 962 75626496 21430272 0 24427 36323 42826
1790645634.271 168274899 18902188 6127573 963 75626496 21430272 0 24438 36339 43502
1790645634.530 168275155 18902188 6130176 963 75626496 21430272 0 24448 36354 43502
1790645634.787 168275411 18902188 6132832 963 75626496 21430272 0 24457 36371 43502
1790645635.053 168275837 18902188 6135366 963 75626496 21430272 0 24468 36386 43502
1790645635.311 168276093 18902188 6137963 963 75626496 21430272 0 24478 36402 43502
1790645635.571 168276572 18902188 6140576 963 75626496 21430272 0 24489 36417 43502
1790645635.830 168277066 18902188 6143176 963 75626496 21430272 0 24500 36432 43502
1790645636.088 168277322 18902188 6145771 963 75626496 21430272 0 24510 36448 43502
1790645636.346 168277748 18902188 6148380 963 75626496 21430272 0 24519 36464 43502
1790645636.606 168278004 18902188 6150983 963 75626496 21430272 0 24530 36479 43502
1790645636.870 168278676 18902188 6153628 963 75626496 21430272 0 24541 36494 43502
1790645637.129 168278932 18902188 6156225 963 75626496 21430272 0 24552 36509 43502
1790645637.387 168279188 18902188 6158830 963 75626496 21430272 0 24562 36525 43502
1790645637.646 168279735 18902188 6161431 963 75626496 21430272 0 24573 36540 43502
1790645637.905 168280579 18902188 6164024 963 75626496 21430272 0 24583 36555 43502
1790645638.163 168280895 18902188 6166621 963 75626496 21430272 0 24594 36571 43502
1790645638.422 168281271 18902188 6169221 963 75626496 21430272 0 24603 36587 43502
1790645638.681 168281527 18902188 6171821 963 75626496 21430272 0 24613 36603 43502
1790645638.939 168281783 18902188 6174422 963 75626496 21430272 0 24623 36619 43502
1790645639.198 168282099 18902188 6177020 963 75626496 21430272 0 24635 36633 43502
1790645639.457 168282355 18902188 6179620 963 75626496 21430272 0 24645 36648 43502
1790645639.716 168283909 18902188 6182232 963 75626496 21430272 0 24654 36665 43502
1790645639.975 168284165 18902188 6184770 963 75626496 21430272 0 24664 36681 43502
1790645640.233 168284421 18902188 6187371 963 75626496 21430272 0 24674 36697 43502
1790645640.492 168284677 18902188 6189973 963 75626496 21430272 0 24684 36712 43502
1790645640.750 168285684 18902188 6192575 963 75626496 21430272 0 24693 36729 43502
1790645641.011 168286536 18902188 6195186 963 75626496 21430272 0 24703 36745 43502
1790645641.270 168286792 18902188 6197778 963 75626496 21430272 0 24714 36760 43502
1790645641.528 168287101 18902188 6200375 963 75626496 21430272 0 24724 36776 43502
1790645641.785 168288045 18902188 6202984 963 75626496 21430272 0 24735 36791 43502
1790645642.046 168288531 18902188 6205585 963 75626496 21430272 0 24745 36806 43502
1790645642.305 168288787 18902188 6208189 963 75626496 21430272 0 24756 36821 43502
1790645642.564 168289043 18902188 6210794 963 75626496 21430272 0 24767 36836 43502
1790645642.829 168290091 18902188 6213448 963 75626496 21430272 0 24778 36851 43502
1790645643.088 168290347 18902188 6216046 963 75626496 21430272 0 24789 36867 43502
1790645643.346 168290603 18902188 6218648 963 75626496 21430272 0 24798 36883 43502
1790645643.604 168290912 18902188 6221250 963 75626496 21430272 0 24810 36897 43502
1790645643.865 168291406 18902188 6223858 963 75626496 21430272 0 24819 36914 43502
1790645644.123 168291662 18902864 6226454 964 75626496 21430272 0 24829 36929 44178
1790645644.382 168291918 18902864 6229060 964 75626496 21430272 0 24839 36946 44178
1790645644.640 168292174 18902864 6231656 964 75626496 21430272 0 24849 36961 44178
1790645644.898 168292600 18902864 6234254 964 75626496 21430272 0 24859 36977 44178
1790645645.175 168292856 18902864 6236987 964 75626496 21430272 0 24870 36994 44178
1790645645.434 168293282 18902864 6239591 964 75626496 21430272 0 24880 37010 44178
1790645645.693 168293829 18902864 6242193 964 75626496 21430272 0 24891 37025 44178
1790645645.953 168294085 18902864 6244794 964 75626496 21430272 0 24899 37042 44178
1790645646.211 168294341 18902864 6247396 964 75626496 21430272 0 24910 37056 44178
1790645646.469 168294767 18902864 6249993 964 75626496 21430272 0 24920 37073 44178
1790645646.728 168295269 18902864 6252590 964 75626496 21430272 0 24931 37087 44178
1790645646.985 168296241 18902864 6255175 964 75626496 21430272 0 24941 37103 44178
1790645647.245 168296684 18902864 6257772 964 75626496 21430272 0 24951 37119 44178
