# pid 947  clk_tck=
# t rchar wchar syscr syscw read_bytes write_bytes cancelled_write_bytes utime stime hda_pos
1790645661.915 171334803 19044132 6410799 983 75626496 21606400 0 25581 37989 44854
1790645662.178 171335185 19044132 6413407 983 75626496 21606400 0 25591 38005 44854
1790645662.437 171336935 19044132 6416017 983 75626496 21606400 0 25601 38021 44854
1790645662.696 171338917 19044132 6418623 983 75626496 21606400 0 25610 38038 44854
1790645662.956 171341435 19044132 6421231 983 75626496 21606400 0 25620 38054 44854
1790645663.216 171341823 19044132 6423850 983 75626496 21606400 0 25630 38070 44854
1790645663.481 171342132 19044132 6426516 983 75626496 21606400 0 25640 38086 44854
1790645663.751 171346270 19044132 6429143 983 75626496 21606400 0 25650 38103 44854
1790645664.053 171352980 19044166 6431949 984 75626496 21606400 0 25660 38121 44888
1790645664.311 171353236 19044166 6434559 984 75626496 21606400 0 25671 38136 44888
1790645664.570 171353492 19044166 6437168 984 75626496 21606400 0 25682 38151 44888
1790645664.828 171353918 19044166 6439781 984 75626496 21606400 0 25691 38168 44888
1790645665.115 171362692 19044166 6442424 984 75626496 21606400 0 25702 38185 44888
1790645665.384 171366190 19044166 6445015 984 75626496 21606400 0 25712 38200 44888
1790645665.644 171366948 19044166 6447638 984 75626496 21606400 0 25722 38216 44888
1790645665.905 171564324 19044166 6449868 984 75626496 21606400 0 25735 38229 44888
1790645666.168 172156667 19044166 6451115 984 75626496 21606400 0 25752 38239 44888
1790645666.428 172533908 19044166 6452901 984 75626496 21606400 0 25767 38250 44888
1790645666.688 172534572 19044166 6455511 984 75626496 21606400 0 25776 38266 44888
1790645666.948 172589004 19044166 6457983 984 75626496 21606400 0 25786 38282 44888
1790645667.211 173216460 19044166 6459225 984 75626496 21606400 0 25805 38290 44888
1790645667.472 173826747 19044166 6460465 984 75626496 21606400 0 25822 38298 44888
1790645667.735 174311636 19044166 6461988 984 75626496 21606400 0 25839 38308 44888
1790645667.995 174832060 19044166 6463397 984 75626496 21606400 0 25856 38317 44888
1790645668.256 175424288 19044166 6464651 984 75626496 21606400 0 25874 38325 44888
1790645668.513 175712802 19109702 6466125 985 75626496 21684224 0 25889 38334 44888
1790645668.772 175719210 19371846 6467242 989 75634176 21962752 0 25902 38342 44888
1790645669.033 175725738 19633990 6468393 993 75644416 22241280 0 25916 38351 44888
1790645669.295 175733922 19896134 6469454 997 75657216 22589440 0 25930 38358 44888
1790645669.551 175738847 20158278 6470819 1001 75664896 22798336 0 25942 38368 44888
1790645669.809 175745613 20420422 6471922 1005 75675136 23076864 0 25956 38375 44888
1790645670.067 175752021 20682566 6473193 1009 75685376 23355392 0 25968 38384 44888
1790645670.328 175758431 20944710 6474242 1013 75695616 23633920 0 25982 38392 44888
1790645670.587 175763301 21141318 6475479 1016 75703296 23842816 0 25992 38401 44888
1790645670.848 175769969 21403462 6476615 1020 75713536 24121344 0 26006 38409 44888
1790645671.108 175776547 21665606 6477885 1024 75723776 24403968 0 26018 38419 44888
1790645671.359 175783015 21927750 6478996 1028 75734016 24682496 0 26032 38426 44888
1790645671.618 175789476 22189894 6480138 1032 75744256 24961024 0 26044 38434 44888
1790645671.873 175796538 22452038 6481257 1036 75754496 25239552 0 26058 38442 44888
1790645672.134 175802946 22714182 6482475 1040 75764736 25518080 0 26071 38451 44888
1790645672.392 175809354 22976326 6483597 1044 75774976 25796608 0 26085 38458 44888
1790645672.652 175852474 23002950 6485803 1048 75879936 25837568 0 26094 38472 44888
1790645672.911 175852976 23002950 6488411 1048 75879936 25837568 0 26105 38487 44888
1790645673.167 175884074 23007046 6490659 1056 75879936 25870336 0 26112 38502 44888
1790645673.427 175884492 23007046 6493269 1056 75879936 25870336 0 26122 38518 44888
1790645673.686 175989999 23007046 6495756 1056 75879936 25870336 0 26133 38533 44888
1790645673.952 176317935 23007712 6497796 1057 75879936 25870336 0 26147 38545 45554
1790645674.213 177014631 23007712 6499028 1057 75879936 25870336 0 26165 38554 45554
1790645674.473 177404519 23007712 6500889 1057 75879936 25870336 0 26178 38566 45554
1790645674.731 177406313 23008736 6503396 1059 75879936 25878528 0 26188 38582 45554
1790645674.989 177406739 23008736 6505995 1059 75879936 25878528 0 26198 38597 45554
1790645675.249 177408537 23009760 6508463 1061 75879936 25886720 0 26209 38611 45554
1790645675.509 177409016 23009760 6511084 1061 75879936 25886720 0 26218 38628 45554
1790645675.774 177409570 23009760 6513751 1061 75879936 25886720 0 26230 38643 45554
1790645676.035 177409886 23009760 6516363 1061 75879936 25886720 0 26239 38659 45554
1790645676.293 177410142 23009760 6518969 1061 75879936 25886720 0 26250 38675 45554
1790645676.553 177410568 23009760 6521580 1061 75879936 25886720 0 26260 38690 45554
1790645676.813 177411839 23009760 6524199 1061 75879936 25886720 0 26270 38706 45554
1790645677.073 177413492 23009760 6526813 1061 75879936 25886720 0 26280 38722 45554
1790645677.333 177413748 23009760 6529428 1061 75879936 25886720 0 26291 38737 45554
1790645677.591 177414057 23009760 6532039 1061 75879936 25886720 0 26299 38755 45554
1790645677.850 177414797 23009760 6534645 1061 75879936 25886720 0 26308 38771 45554
1790645678.109 177415939 23009760 6537255 1061 75879936 25886720 0 26317 38788 45554
1790645678.368 177416195 23009760 6539866 1061 75879936 25886720 0 26327 38804 45554
1790645678.627 177416583 23009760 6542474 1061 75879936 25886720 0 26337 38820 45554
1790645678.886 177416839 23009760 6545087 1061 75879936 25886720 0 26346 38836 45554
1790645679.145 177417155 23009760 6547698 1061 75879936 25886720 0 26355 38853 45554
1790645679.403 177417411 23009760 6550306 1061 75879936 25886720 0 26366 38869 45554
1790645679.662 177417958 23009760 6552915 1061 75879936 25886720 0 26376 38884 45554
1790645679.921 177418214 23009760 6555519 1061 75879936 25886720 0 26386 38899 45554
1790645680.185 177418470 23009760 6558127 1061 75879936 25886720 0 26396 38916 45554
1790645680.450 177418846 23009760 6560737 1061 75879936 25886720 0 26406 38932 45554
1790645680.709 177419102 23009760 6563349 1061 75879936 25886720 0 26416 38947 45554
1790645680.969 177419698 23009760 6565964 1061 75879936 25886720 0 26426 38963 45554
1790645681.228 177419954 23009760 6568572 1061 75879936 25886720 0 26436 38979 45554
1790645681.488 177420600 23009760 6571190 1061 75879936 25886720 0 26446 38995 45554
1790645681.747 177421436 23009760 6573799 1061 75879936 25886720 0 26456 39010 45554
1790645682.006 177421862 23009760 6576416 1061 75879936 25886720 0 26467 39026 45554
1790645682.267 177422118 23009760 6579032 1061 75879936 25886720 0 26476 39042 45554
1790645682.526 177422434 23009760 6581648 1061 75879936 25886720 0 26486 39059 45554
1790645682.785 177422936 23009760 6584267 1061 75879936 25886720 0 26494 39077 45554
1790645683.045 177423450 23009760 6586878 1061 75879936 25886720 0 26504 39093 45554
1790645683.305 177425194 23009760 6589482 1061 75879936 25886720 0 26512 39109 45554
1790645683.564 177427223 23009760 6592092 1061 75879936 25886720 0 26521 39127 45554
1790645683.823 177429211 23009760 6594697 1061 75879936 25886720 0 26530 39143 45554
1790645684.082 177429467 23010430 6597308 1062 75879936 25886720 0 26539 39161 46224
1790645684.342 177429723 23010430 6599929 1062 75879936 25886720 0 26548 39178 46224
1790645684.601 177429979 23010430 6602550 1062 75879936 25886720 0 26556 39195 46224
1790645684.861 177430405 23010430 6605165 1062 75879936 25886720 0 26566 39211 46224
1790645685.120 177430661 23010430 6607779 1062 75879936 25886720 0 26575 39228 46224
1790645685.380 177431087 23010430 6610337 1062 75879936 25886720 0 26585 39244 46224
1790645685.640 177431634 23010430 6612955 1062 75879936 25886720 0 26595 39260 46224
1790645685.899 177431890 23010430 6615566 1062 75879936 25886720 0 26606 39274 46224
1790645686.158 177432146 23010430 6618175 1062 75879936 25886720 0 26617 39289 46224
1790645686.417 177432632 23010430 6620789 1062 75879936 25886720 0 26627 39305 46224
1790645686.677 177432888 23010430 6623401 1062 75879936 25886720 0 26637 39322 46224
1790645686.937 177433560 23010430 6626025 1062 75879936 25886720 0 26646 39338 46224
1790645687.197 177433816 23010430 6628627 1062 75879936 25886720 0 26657 39353 46224
1790645687.456 177434072 23010430 6631249 1062 75879936 25886720 0 26667 39369 46224
1790645687.716 177434619 23010430 6633865 1062 75879936 25886720 0 26676 39386 46224
1790645687.975 177435291 23010430 6636472 1062 75879936 25886720 0 26687 39401 46224
1790645688.234 177435907 23010430 6639078 1062 75879936 25886720 0 26697 39417 46224
1790645688.494 177436163 23010430 6641696 1062 75879936 25886720 0 26706 39433 46224
1790645688.753 177436419 23010430 6644310 1062 75879936 25886720 0 26714 39451 46224
1790645689.013 177436675 23010430 6646933 1062 75879936 25886720 0 26724 39467 46224
1790645689.273 177438298 23010430 6649549 1062 75879936 25886720 0 26735 39482 46224
1790645689.532 177438607 23010430 6652158 1062 75879936 25886720 0 26744 39499 46224
1790645689.792 177439101 23010430 6654781 1062 75879936 25886720 0 26753 39515 46224
1790645690.052 177439357 23010430 6657398 1062 75879936 25886720 0 26765 39530 46224
1790645690.312 177440364 23010430 6659955 1062 75879936 25886720 0 26774 39547 46224
1790645690.572 177440876 23010430 6662579 1062 75879936 25886720 0 26784 39563 46224
1790645690.832 177441798 23010430 6665194 1062 75879936 25886720 0 26793 39579 46224
1790645691.092 177442394 23010430 6667817 1062 75879936 25886720 0 26804 39595 46224
1790645691.351 177442650 23010430 6670426 1062 75879936 25886720 0 26813 39611 46224
1790645691.610 177442959 23010430 6673043 1062 75879936 25886720 0 26823 39627 46224
1790645691.869 177443699 23010430 6675654 1062 75879936 25886720 0 26833 39643 46224
1790645692.129 177444245 23010430 6678297 1062 75879936 25886720 0 26844 39659 46224
1790645692.394 177444501 23010430 6680941 1062 75879936 25886720 0 26854 39674 46224
1790645692.653 177444757 23010430 6683553 1062 75879936 25886720 0 26863 39691 46224
1790645692.911 177445259 23010430 6686165 1062 75879936 25886720 0 26873 39707 46224
1790645693.172 177446151 23010430 6688782 1062 75879936 25886720 0 26884 39722 46224
1790645693.431 177446407 23010430 6691397 1062 75879936 25886720 0 26893 39739 46224
1790645693.691 177447074 23010430 6694012 1062 75879936 25886720 0 26902 39755 46224
1790645693.951 177447462 23011101 6696633 1063 75879936 25886720 0 26912 39772 46895
1790645694.213 177447838 23011101 6699270 1063 75879936 25886720 0 26921 39789 46895
1790645694.473 177448094 23011101 6701885 1063 75879936 25886720 0 26931 39804 46895
1790645694.732 177448350 23011101 6704496 1063 75879936 25886720 0 26941 39820 46895
1790645694.991 177448776 23011101 6707102 1063 75879936 25886720 0 26950 39837 46895
1790645695.253 177449032 23011101 6709683 1063 75879936 25886720 0 26960 39854 46895
1790645695.522 177449511 23011101 6712349 1063 75879936 25886720 0 26970 39870 46895
1790645695.782 177450005 23011101 6714972 1063 75879936 25886720 0 26979 39886 46895
1790645696.041 177450321 23011101 6717580 1063 75879936 25886720 0 26989 39902 46895
1790645696.300 177451959 23011101 6720188 1063 75879936 25886720 0 27000 39917 46895
1790645696.560 177453809 23011101 6722806 1063 75879936 25886720 0 27010 39933 46895
1790645696.819 177454311 23011101 6725407 1063 75879936 25886720 0 27020 39949 46895
1790645697.078 177455343 23011101 6728011 1063 75879936 25886720 0 27030 39965 46895
1790645697.338 177455599 23011101 6730626 1063 75879936 25886720 0 27040 39981 46895
1790645697.597 177456480 23011101 6733243 1063 75879936 25886720 0 27051 39996 46895
1790645697.856 177457220 23011101 6735862 1063 75879936 25886720 0 27061 40011 46895
1790645698.117 177457904 23011101 6738471 1063 75879936 25886720 0 27070 40028 46895
1790645698.376 177458220 23011101 6741082 1063 75879936 25886720 0 27080 40044 46895
1790645698.636 177458476 23011101 6743697 1063 75879936 25886720 0 27088 40062 46895
1790645698.894 177458732 23011101 6746311 1063 75879936 25886720 0 27098 40078 46895
1790645699.154 177458988 23011101 6748928 1063 75879936 25886720 0 27106 40096 46895
1790645699.413 177459304 23011101 6751544 1063 75879936 25886720 0 27115 40113 46895
1790645699.672 177459851 23011101 6754162 1063 75879936 25886720 0 27123 40130 46895
1790645699.931 177460107 23011101 6756774 1063 75879936 25886720 0 27132 40147 46895
1790645700.190 177460363 23011101 6759387 1063 75879936 25886720 0 27143 40162 46895
1790645700.450 177460619 23011101 6761939 1063 75879936 25886720 0 27152 40179 46895
1790645700.710 177461447 23011101 6764555 1063 75879936 25886720 0 27161 40196 46895
1790645700.969 177462043 23011101 6767161 1063 75879936 25886720 0 27170 40212 46895
1790645701.229 177462419 23011101 6769782 1063 75879936 25886720 0 27180 40229 46895
1790645701.489 177463254 23011101 6772405 1063 75879936 25886720 0 27190 40244 46895
1790645701.749 177463994 23011101 6775015 1063 75879936 25886720 0 27200 40260 46895
1790645702.008 177464420 23011101 6777625 1063 75879936 25886720 0 27210 40276 46895
1790645702.267 177464676 23011101 6780241 1063 75879936 25886720 0 27220 40292 46895
1790645702.526 177464932 23011101 6782859 1063 75879936 25886720 0 27230 40308 46895
1790645702.786 177465434 23011101 6785477 1063 75879936 25886720 0 27239 40325 46895
1790645703.050 177466236 23011101 6788140 1063 75879936 25886720 0 27249 40341 46895
1790645703.309 177466492 23011101 6790751 1063 75879936 25886720 0 27257 40359 46895
1790645703.569 177466801 23011101 6793365 1063 75879936 25886720 0 27266 40375 46895
1790645703.829 177467295 23011101 6795981 1063 75879936 25886720 0 27277 40391 46895
1790645704.088 177467551 23011772 6798590 1064 75879936 25886720 0 27288 40406 47566
1790645704.347 177467807 23011772 6801207 1064 75879936 25886720 0 27297 40422 47566
1790645704.607 177468063 23011772 6803827 1064 75879936 25886720 0 27307 40439 47566
1790645704.866 177468319 23011772 6806441 1064 75879936 25886720 0 27316 40455 47566
1790645705.126 177468745 23011772 6809058 1064 75879936 25886720 0 27328 40469 47566
1790645705.386 177469171 23011772 6811618 1064 75879936 25886720 0 27338 40485 47566
1790645705.645 177469480 23011772 6814234 1064 75879936 25886720 0 27348 40501 47566
1790645705.903 177469974 23011772 6816855 1064 75879936 25886720 0 27358 40517 47566
1790645706.165 177470230 23011772 6819467 1064 75879936 25886720 0 27368 40533 47566
1790645706.422 177470656 23011772 6822078 1064 75879936 25886720 0 27377 40549 47566
1790645706.682 177471232 23011772 6824678 1064 75879936 25886720 0 27387 40566 47566
1790645706.944 177473177 23011772 6827289 1064 75879936 25886720 0 27396 40583 47566
1790645707.204 177473821 23011772 6829900 1064 75879936 25886720 0 27405 40600 47566
