# pid 947  clk_tck=
# t rchar wchar syscr syscw read_bytes write_bytes cancelled_write_bytes utime stime hda_pos
1790645721.844 180512492 23153551 6982603 1083 75879936 26050560 0 28002 41500 48237
1790645722.103 180513044 23153551 6985207 1083 75879936 26050560 0 28012 41516 48237
1790645722.362 180513420 23153551 6987812 1083 75879936 26050560 0 28021 41532 48237
1790645722.621 180513676 23153551 6990423 1083 75879936 26050560 0 28031 41548 48237
1790645722.885 180514178 23153551 6993068 1083 75879936 26050560 0 28041 41565 48237
1790645723.143 180514864 23153551 6995682 1083 75879936 26050560 0 28051 41580 48237
1790645723.403 180515206 23153551 6998292 1083 75879936 26050560 0 28061 41596 48237
1790645723.674 180519397 23153551 7000883 1083 75879936 26050560 0 28073 41612 48237
1790645723.966 180526041 23153585 7003572 1084 75879936 26050560 0 28084 41628 48271
1790645724.225 180526297 23153585 7006181 1084 75879936 26050560 0 28093 41644 48271
1790645724.484 180526553 23153585 7008789 1084 75879936 26050560 0 28103 41660 48271
1790645724.742 180526941 23153585 7011393 1084 75879936 26050560 0 28112 41676 48271
1790645725.016 180535951 23153585 7013999 1084 75879936 26050560 0 28124 41691 48271
1790645725.283 180539219 23153585 7016551 1084 75879936 26050560 0 28135 41707 48271
1790645725.542 180539969 23153585 7019111 1084 75879936 26050560 0 28144 41723 48271
1790645725.802 180540553 23153585 7021725 1084 75879936 26050560 0 28155 41738 48271
1790645726.062 181114430 23153585 7023044 1084 75879936 26050560 0 28173 41747 48271
1790645726.323 181724136 23153585 7024284 1084 75879936 26050560 0 28191 41754 48271
1790645726.583 182280320 23153585 7025624 1084 75879936 26050560 0 28208 41763 48271
1790645726.842 182281368 23153585 7028231 1084 75879936 26050560 0 28217 41780 48271
1790645727.101 182281794 23153585 7030841 1084 75879936 26050560 0 28228 41795 48271
1790645727.362 182783810 23153585 7032258 1084 75879936 26050560 0 28245 41804 48271
1790645727.623 183393399 23153585 7033499 1084 75879936 26050560 0 28262 41812 48271
1790645727.884 184003479 23153585 7034759 1084 75879936 26050560 0 28280 41821 48271
1790645728.144 184505785 23153585 7036186 1084 75879936 26050560 0 28297 41830 48271
1790645728.405 184882893 23153585 7037894 1084 75879936 26050560 0 28313 41840 48271
1790645728.656 184889299 23350193 7038980 1087 75885056 26337280 0 28325 41846 48271
1790645728.909 184895707 23612337 7039999 1091 75895296 26615808 0 28338 41854 48271
1790645729.171 184900579 23874481 7041306 1095 75902976 26824704 0 28352 41862 48271
1790645729.432 184908883 24136625 7042403 1099 75915776 27172864 0 28366 41869 48271
1790645729.691 184914148 24398769 7043733 1103 75923456 27381760 0 28380 41878 48271
1790645729.951 184921102 24660913 7044839 1107 75933696 27660288 0 28395 41884 48271
1790645730.211 184927510 24923057 7046141 1111 75943936 27938816 0 28410 41892 48271
1790645730.471 184933922 25185201 7047233 1115 75954176 28217344 0 28423 41900 48271
1790645730.732 184940330 25447345 7048380 1119 75964416 28495872 0 28437 41908 48271
1790645730.991 184948614 25709489 7049419 1123 75977216 28844032 0 28450 41915 48271
1790645731.248 184953604 25906097 7050637 1126 75984896 29057024 0 28463 41923 48271
1790645731.511 184958529 26168241 7051627 1130 75992576 29265920 0 28475 41930 48271
1790645731.768 184966199 26430385 7052876 1134 76002816 29544448 0 28489 41937 48271
1790645732.030 184972887 26692529 7054029 1138 76013056 29822976 0 28504 41945 48271
1790645732.290 184979445 26954673 7055273 1142 76023296 30101504 0 28517 41953 48271
1790645732.550 185025281 27112369 7056923 1148 76133376 30281728 0 28528 41964 48271
1790645732.808 185026075 27112369 7059535 1148 76133376 30281728 0 28538 41980 48271
1790645733.067 185026331 27112369 7062146 1148 76133376 30281728 0 28548 41995 48271
1790645733.333 185057491 27117489 7064390 1157 76133376 30318592 0 28558 42008 48271
1790645733.592 185057800 27117489 7066998 1157 76133376 30318592 0 28569 42024 48271
1790645733.852 185060004 27119179 7069465 1160 76133376 30326784 0 28579 42038 48937
1790645734.111 185061798 27120203 7072016 1162 76133376 30334976 0 28588 42054 48937
1790645734.370 185062174 27120203 7074623 1162 76133376 30334976 0 28599 42070 48937
1790645734.629 185062430 27120203 7077238 1162 76133376 30334976 0 28608 42086 48937
1790645734.889 185062856 27120203 7079847 1162 76133376 30334976 0 28618 42102 48937
1790645735.149 185063112 27120203 7082505 1162 76133376 30334976 0 28628 42118 48937
1790645735.413 185063538 27120203 7085143 1162 76133376 30334976 0 28639 42134 48937
1790645735.693 185064149 27120203 7087884 1162 76133376 30334976 0 28650 42150 48937
1790645735.953 185064465 27120203 7090499 1162 76133376 30334976 0 28659 42167 48937
1790645736.212 185064721 27120203 7093106 1162 76133376 30334976 0 28669 42183 48937
1790645736.471 185065147 27120203 7095719 1162 76133376 30334976 0 28678 42200 48937
1790645736.729 185065493 27120203 7098325 1162 76133376 30334976 0 28688 42216 48937
1790645736.989 185066165 27120203 7100934 1162 76133376 30334976 0 28697 42232 48937
1790645737.249 185066421 27120203 7103546 1162 76133376 30334976 0 28707 42248 48937
1790645737.508 185066730 27120203 7106161 1162 76133376 30334976 0 28718 42263 48937
1790645737.767 185067224 27120203 7108772 1162 76133376 30334976 0 28727 42280 48937
1790645738.027 185067896 27120203 7111383 1162 76133376 30334976 0 28736 42297 48937
1790645738.286 185068814 27120203 7113996 1162 76133376 30334976 0 28748 42311 48937
1790645738.546 185069821 27120203 7116612 1162 76133376 30334976 0 28758 42327 48937
1790645738.805 185070077 27120203 7119220 1162 76133376 30334976 0 28768 42343 48937
1790645739.065 185070333 27120203 7121835 1162 76133376 30334976 0 28779 42358 48937
1790645739.324 185070649 27120203 7124445 1162 76133376 30334976 0 28790 42373 48937
1790645739.583 185071965 27120203 7127054 1162 76133376 30334976 0 28800 42388 48937
1790645739.842 185072459 27120203 7129658 1162 76133376 30334976 0 28810 42404 48937
1790645740.101 185072847 27120203 7132274 1162 76133376 30334976 0 28820 42420 48937
1790645740.360 185074597 27120203 7134887 1162 76133376 30334976 0 28831 42435 48937
1790645740.620 185076939 27120203 7137462 1162 76133376 30334976 0 28841 42451 48937
1790645740.881 185078865 27120203 7140068 1162 76133376 30334976 0 28851 42466 48937
1790645741.140 185080915 27120203 7142673 1162 76133376 30334976 0 28861 42482 48937
1790645741.398 185081231 27120203 7145283 1162 76133376 30334976 0 28871 42498 48937
1790645741.660 185081636 27120203 7147900 1162 76133376 30334976 0 28881 42515 48937
1790645741.919 185082546 27120203 7150510 1162 76133376 30334976 0 28890 42531 48937
1790645742.179 185082802 27120203 7153126 1162 76133376 30334976 0 28900 42547 48937
1790645742.438 185083178 27120203 7155742 1162 76133376 30334976 0 28911 42562 48937
1790645742.698 185083434 27120203 7158359 1162 76133376 30334976 0 28921 42577 48937
1790645742.957 185083936 27120203 7160968 1162 76133376 30334976 0 28931 42594 48937
1790645743.216 185084364 27120203 7163584 1162 76133376 30334976 0 28940 42611 48937
1790645743.476 185084793 27120203 7166201 1162 76133376 30334976 0 28949 42627 48937
1790645743.735 185085287 27120203 7168816 1162 76133376 30334976 0 28959 42643 48937
1790645743.994 185085543 27120872 7171429 1163 76133376 30334976 0 28968 42660 49606
1790645744.254 185085799 27120872 7174040 1163 76133376 30334976 0 28977 42677 49606
1790645744.513 185086055 27120872 7176652 1163 76133376 30334976 0 28986 42694 49606
1790645744.772 185086311 27120872 7179269 1163 76133376 30334976 0 28996 42710 49606
1790645745.031 185086737 27120872 7181881 1163 76133376 30334976 0 29005 42726 49606
1790645745.291 185086993 27120872 7184491 1163 76133376 30334976 0 29013 42744 49606
1790645745.551 185087472 27120872 7187028 1163 76133376 30334976 0 29023 42760 49606
1790645745.809 185087966 27120872 7189637 1163 76133376 30334976 0 29033 42775 49606
1790645746.069 185088222 27120872 7192252 1163 76133376 30334976 0 29043 42792 49606
1790645746.329 185088538 27120872 7194863 1163 76133376 30334976 0 29053 42808 49606
1790645746.587 185088964 27120872 7197471 1163 76133376 30334976 0 29063 42824 49606
1790645746.847 185089466 27120872 7200083 1163 76133376 30334976 0 29072 42840 49606
1790645747.107 185089892 27120872 7202692 1163 76133376 30334976 0 29082 42856 49606
1790645747.366 185090148 27120872 7205304 1163 76133376 30334976 0 29092 42872 49606
1790645747.625 185090457 27120872 7207924 1163 76133376 30334976 0 29103 42887 49606
1790645747.885 185091197 27120872 7210535 1163 76133376 30334976 0 29113 42903 49606
1790645748.144 185091623 27120872 7213149 1163 76133376 30334976 0 29123 42918 49606
1790645748.403 185092239 27120872 7215755 1163 76133376 30334976 0 29132 42935 49606
1790645748.662 185092495 27120872 7218371 1163 76133376 30334976 0 29143 42951 49606
1790645748.922 185092751 27120872 7220981 1163 76133376 30334976 0 29152 42967 49606
1790645749.181 185093007 27120872 7223588 1163 76133376 30334976 0 29161 42984 49606
1790645749.440 185093623 27120872 7226197 1163 76133376 30334976 0 29171 42999 49606
1790645749.699 185094170 27120872 7228800 1163 76133376 30334976 0 29181 43016 49606
1790645749.958 185094426 27120872 7231409 1163 76133376 30334976 0 29191 43032 49606
1790645750.218 185094682 27120872 7234023 1163 76133376 30334976 0 29199 43049 49606
1790645750.477 185094938 27120872 7236636 1163 76133376 30334976 0 29210 43065 49606
1790645750.744 185095194 27120872 7239282 1163 76133376 30334976 0 29220 43081 49606
1790645751.005 185095790 27120872 7241898 1163 76133376 30334976 0 29230 43097 49606
1790645751.264 185096046 27120872 7244509 1163 76133376 30334976 0 29240 43113 49606
1790645751.522 185096355 27120872 7247150 1163 76133376 30334976 0 29250 43130 49606
1790645751.786 185097095 27120872 7249775 1163 76133376 30334976 0 29259 43146 49606
1790645752.046 185097581 27120872 7252376 1163 76133376 30334976 0 29269 43162 49606
1790645752.306 185097897 27120872 7254991 1163 76133376 30334976 0 29278 43178 49606
1790645752.564 185098153 27120872 7257601 1163 76133376 30334976 0 29288 43194 49606
1790645752.823 185098409 27120872 7260206 1163 76133376 30334976 0 29297 43211 49606
1790645753.082 185098911 27120872 7262811 1163 76133376 30334976 0 29307 43227 49606
1790645753.341 185099743 27120872 7265424 1163 76133376 30334976 0 29317 43243 49606
1790645753.605 185100292 27120872 7268081 1163 76133376 30334976 0 29326 43261 49606
1790645753.865 185100906 27121542 7270689 1164 76133376 30334976 0 29335 43277 50276
1790645754.124 185101222 27121542 7273302 1164 76133376 30334976 0 29346 43292 50276
1790645754.384 185101598 27121542 7275918 1164 76133376 30334976 0 29356 43308 50276
1790645754.643 185101854 27121542 7278526 1164 76133376 30334976 0 29366 43324 50276
1790645754.902 185102280 27121542 7281131 1164 76133376 30334976 0 29376 43339 50276
1790645755.161 185102536 27121542 7283742 1164 76133376 30334976 0 29387 43355 50276
1790645755.419 185103094 27121542 7286350 1164 76133376 30334976 0 29398 43370 50276
1790645755.680 185103403 27121542 7288912 1164 76133376 30334976 0 29408 43385 50276
1790645755.940 185103897 27121542 7291522 1164 76133376 30334976 0 29418 43401 50276
1790645756.199 185104213 27121542 7294128 1164 76133376 30334976 0 29429 43416 50276
1790645756.457 185104639 27121542 7296738 1164 76133376 30334976 0 29438 43433 50276
1790645756.717 185104895 27121542 7299349 1164 76133376 30334976 0 29448 43448 50276
1790645756.976 185105567 27121542 7301960 1164 76133376 30334976 0 29459 43464 50276
1790645757.236 185105823 27121542 7304571 1164 76133376 30334976 0 29469 43480 50276
1790645757.495 185106132 27121542 7307187 1164 76133376 30334976 0 29478 43496 50276
1790645757.754 185106626 27121542 7309797 1164 76133376 30334976 0 29489 43511 50276
1790645758.013 185107358 27121542 7312401 1164 76133376 30334976 0 29499 43527 50276
1790645758.272 185107872 27121542 7315015 1164 76133376 30334976 0 29509 43543 50276
1790645758.532 185108320 27121542 7317634 1164 76133376 30334976 0 29519 43559 50276
1790645758.792 185108576 27121542 7320255 1164 76133376 30334976 0 29528 43576 50276
1790645759.051 185108832 27121542 7322870 1164 76133376 30334976 0 29538 43592 50276
1790645759.311 185109088 27121542 7325480 1164 76133376 30334976 0 29547 43608 50276
1790645759.569 185109457 27121542 7328093 1164 76133376 30334976 0 29557 43624 50276
1790645759.828 185109951 27121542 7330700 1164 76133376 30334976 0 29568 43639 50276
1790645760.088 185110207 27121542 7333311 1164 76133376 30334976 0 29578 43655 50276
1790645760.346 185110463 27121542 7335918 1164 76133376 30334976 0 29588 43671 50276
1790645760.606 185110719 27121542 7338483 1164 76133376 30334976 0 29598 43687 50276
1790645760.865 185110975 27121542 7341093 1164 76133376 30334976 0 29607 43703 50276
1790645761.125 185112117 27121542 7343714 1164 76133376 30334976 0 29616 43720 50276
1790645761.384 185112373 27121542 7346318 1164 76133376 30334976 0 29627 43735 50276
1790645761.643 185112682 27121542 7348932 1164 76133376 30334976 0 29637 43751 50276
1790645761.902 185113652 27121542 7351544 1164 76133376 30334976 0 29648 43766 50276
1790645762.162 185114434 27121542 7354152 1164 76133376 30334976 0 29658 43782 50276
1790645762.422 185115106 27121542 7356766 1164 76133376 30334976 0 29668 43798 50276
1790645762.682 185115362 27121542 7359387 1164 76133376 30334976 0 29677 43814 50276
1790645762.941 185116410 27121542 7361985 1164 76133376 30334976 0 29687 43830 50276
1790645763.200 185116666 27121542 7364603 1164 76133376 30334976 0 29696 43847 50276
1790645763.459 185116922 27121542 7367214 1164 76133376 30334976 0 29707 43862 50276
1790645763.719 185117469 27121542 7369829 1164 76133376 30334976 0 29717 43879 50276
1790645763.978 185118271 27122212 7372440 1165 76133376 30334976 0 29726 43895 50946
1790645764.237 185118647 27122212 7375057 1165 76133376 30334976 0 29735 43912 50946
1790645764.496 185118903 27122212 7377668 1165 76133376 30334976 0 29745 43928 50946
1790645764.755 185119159 27122212 7380277 1165 76133376 30334976 0 29756 43943 50946
1790645765.015 185119585 27122212 7382891 1165 76133376 30334976 0 29766 43958 50946
1790645765.275 185120592 27122212 7385517 1165 76133376 30334976 0 29775 43976 50946
1790645765.535 185121327 27122212 7388122 1165 76133376 30334976 0 29785 43991 50946
1790645765.797 185121821 27122212 7390708 1165 76133376 30334976 0 29795 44008 50946
1790645766.056 185122077 27122212 7393324 1165 76133376 30334976 0 29805 44023 50946
1790645766.315 185123084 27122212 7395937 1165 76133376 30334976 0 29816 44038 50946
1790645766.574 185123510 27122212 7398544 1165 76133376 30334976 0 29826 44054 50946
1790645766.837 185124814 27122212 7401181 1165 76133376 30334976 0 29836 44070 50946
1790645767.096 185125342 27122212 7403790 1165 76133376 30334976 0 29847 44085 50946
