# pid 8797  clk_tck=
# t rchar wchar syscr syscw read_bytes write_bytes cancelled_write_bytes utime stime hda_pos
1790646163.744 86160585 431634 13257 175 131072 708608 0 7577 9266 65147
1790646164.007 86160585 431634 13257 175 131072 708608 0 7588 9281 65147
1790646164.266 86160585 431634 13257 175 131072 708608 0 7599 9295 65147
1790646164.525 86160585 431634 13257 175 131072 708608 0 7609 9311 65147
1790646164.784 86160585 432313 13257 176 131072 708608 0 7620 9326 65147
1790646165.043 86160585 432313 13257 176 131072 708608 0 7630 9341 65147
1790646165.304 86160585 432313 13257 176 131072 708608 0 7642 9355 65147
1790646165.574 86160585 432313 13257 176 131072 708608 0 7653 9372 65147
1790646165.897 86160585 432348 13257 177 131072 708608 0 7666 9389 65147
1790646166.155 86160585 432348 13257 177 131072 708608 0 7678 9403 65147
1790646166.417 86160585 432348 13257 177 131072 708608 0 7690 9417 65147
1790646166.676 86160585 432348 13257 177 131072 708608 0 7702 9431 65147
1790646166.939 86160585 432348 13257 177 131072 708608 0 7713 9445 65147
1790646167.203 86160617 432348 13259 177 131072 708608 0 7724 9461 65147
1790646167.463 86160649 432348 13261 177 131072 708608 0 7735 9476 65147
1790646167.724 86181161 432348 13265 177 131072 708608 0 7745 9491 65147
1790646167.984 86872393 432348 13343 177 131072 708608 0 7763 9499 65147
1790646168.245 87517513 432348 13415 177 131072 708608 0 7782 9506 65147
1790646168.507 88083785 432348 13477 177 131072 708608 0 7800 9515 65147
1790646168.766 88083785 432348 13477 177 131072 708608 0 7811 9529 65147
1790646169.027 88083785 432348 13477 177 131072 708608 0 7822 9544 65147
1790646169.286 88621385 432348 13537 177 131072 708608 0 7839 9553 65147
1790646169.549 89266505 432348 13609 177 131072 708608 0 7857 9561 65147
1790646169.810 89822025 432348 13671 177 131072 708608 0 7874 9570 65147
1790646170.070 90395465 432348 13735 177 131072 708608 0 7891 9580 65147
1790646170.330 90737481 432348 13774 177 131072 778240 0 7907 9588 65147
1790646170.588 90743635 760028 13783 182 138752 1064960 0 7920 9596 65147
1790646170.847 90749785 956636 13790 185 148992 1343488 0 7933 9605 65147
1790646171.101 90755939 1284316 13799 190 159232 1622016 0 7946 9612 65147
1790646171.361 90762089 1480924 13806 193 169472 1900544 0 7960 9621 65147
1790646171.627 90768243 1808604 13815 198 179712 2179072 0 7974 9628 65147
1790646171.886 90774395 2070748 13823 202 189952 2457600 0 7987 9637 65147
1790646172.138 90780547 2332892 13831 206 200192 2736128 0 7999 9643 65147
1790646172.400 90786697 2529500 13838 209 210432 3014656 0 8013 9650 65147
1790646172.677 90792855 2857180 13849 214 220672 3293184 0 8030 9657 65147
1790646172.938 90799007 3119324 13857 218 230912 3571712 0 8044 9665 65147
1790646173.199 90805159 3381468 13865 222 241152 3854336 0 8058 9671 65147
1790646173.458 90812849 3709148 13875 227 253952 4202496 0 8071 9680 65147
1790646173.719 90819001 3971292 13883 231 264192 4481024 0 8085 9688 65147
1790646173.973 90825153 4233436 13891 235 274432 4759552 0 8098 9696 65147
1790646174.234 90931149 4391132 13912 241 384512 4939776 0 8109 9706 65147
1790646174.492 90931149 4391132 13912 241 384512 4939776 0 8120 9722 65147
1790646174.751 90993101 4391132 13918 241 384512 4939776 0 8131 9737 65147
1790646175.012 91042257 4396252 13931 250 384512 4976640 0 8140 9751 65147
1790646175.270 91042257 4396252 13931 250 384512 4976640 0 8151 9765 65147
1790646175.532 91043795 4397276 13934 252 384512 4984832 0 8161 9780 65147
1790646175.791 91045333 4398966 13937 255 384512 4993024 0 8172 9794 65147
1790646176.051 91045333 4398966 13937 255 384512 4993024 0 8184 9808 65147
1790646176.310 91045333 4398966 13937 255 384512 4993024 0 8197 9821 65147
1790646176.569 91045333 4398966 13937 255 384512 4993024 0 8207 9837 65147
1790646176.828 91045333 4398966 13937 255 384512 4993024 0 8218 9852 65147
1790646177.087 91045333 4398966 13937 255 384512 4993024 0 8229 9867 65147
1790646177.345 91045333 4398966 13937 255 384512 4993024 0 8239 9883 65147
1790646177.605 91045337 4398966 13939 255 384512 4993024 0 8250 9898 65147
1790646177.864 91045337 4398966 13939 255 384512 4993024 0 8262 9911 65147
1790646178.123 91045337 4398966 13939 255 384512 4993024 0 8274 9925 65147
1790646178.382 91045337 4398966 13939 255 384512 4993024 0 8285 9940 65147
1790646178.642 91045337 4398966 13939 255 384512 4993024 0 8296 9954 65147
1790646178.901 91045337 4398966 13939 255 384512 4993024 0 8309 9967 65147
1790646179.160 91045337 4398966 13939 255 384512 4993024 0 8321 9982 65147
1790646179.420 91045337 4398966 13939 255 384512 4993024 0 8332 9996 65147
1790646179.679 91045337 4398966 13939 255 384512 4993024 0 8342 10012 65147
1790646179.938 91045337 4398966 13939 255 384512 4993024 0 8352 10027 65147
1790646180.198 91045337 4398966 13939 255 384512 4993024 0 8364 10041 65147
1790646180.458 91045337 4398966 13939 255 384512 4993024 0 8376 10056 65147
1790646180.718 91045337 4398966 13939 255 384512 4993024 0 8387 10070 65147
1790646180.980 91045337 4398966 13939 255 384512 4993024 0 8398 10085 65147
1790646181.241 91045337 4398966 13939 255 384512 4993024 0 8411 10099 65147
1790646181.499 91045337 4398966 13939 255 384512 4993024 0 8422 10113 65147
1790646181.759 91045337 4398966 13939 255 384512 4993024 0 8434 10127 65147
1790646182.018 91045337 4398966 13939 255 384512 4993024 0 8445 10142 65147
1790646182.278 91045337 4398966 13939 255 384512 4993024 0 8456 10157 65147
1790646182.539 91045337 4398966 13939 255 384512 4993024 0 8467 10172 65147
1790646182.798 91045337 4398966 13939 255 384512 4993024 0 8479 10186 65147
1790646183.062 91045337 4398966 13939 255 384512 4993024 0 8491 10200 65147
1790646183.321 91045337 4398966 13939 255 384512 4993024 0 8503 10214 65147
1790646183.582 91045337 4398966 13939 255 384512 4993024 0 8514 10229 65147
1790646183.842 91045337 4398966 13939 255 384512 4993024 0 8525 10244 65147
1790646184.101 91045337 4398966 13939 255 384512 4993024 0 8536 10259 65147
1790646184.361 91045337 4398966 13939 255 384512 4993024 0 8548 10273 65147
1790646184.620 91045337 4398966 13939 255 384512 4993024 0 8559 10288 65147
1790646184.878 91045337 4398966 13939 255 384512 4993024 0 8569 10303 65147
1790646185.137 91045337 4398966 13939 255 384512 4993024 0 8580 10318 65147
1790646185.397 91045337 4398966 13939 255 384512 4993024 0 8591 10333 65147
1790646185.657 91045337 4398966 13939 255 384512 4993024 0 8602 10348 65147
1790646185.917 91045337 4399634 13939 256 384512 4993024 0 8613 10363 65147
1790646186.177 91045337 4399634 13939 256 384512 4993024 0 8624 10378 65147
1790646186.436 91045337 4399634 13939 256 384512 4993024 0 8635 10393 65147
1790646186.695 91045337 4399634 13939 256 384512 4993024 0 8646 10407 65147
1790646186.954 91045337 4399634 13939 256 384512 4993024 0 8657 10422 65147
1790646187.215 91045337 4399634 13939 256 384512 4993024 0 8668 10437 65147
1790646187.474 91045337 4399634 13939 256 384512 4993024 0 8680 10451 65147
1790646187.744 91045337 4399634 13939 256 384512 4993024 0 8691 10467 65147
1790646188.010 91045337 4399634 13939 256 384512 4993024 0 8702 10482 65147
1790646188.270 91045337 4399634 13939 256 384512 4993024 0 8713 10497 65147
1790646188.529 91045337 4399634 13939 256 384512 4993024 0 8725 10511 65147
1790646188.789 91045337 4399634 13939 256 384512 4993024 0 8737 10525 65147
1790646189.049 91045337 4399634 13939 256 384512 4993024 0 8749 10539 65147
1790646189.307 91045337 4399634 13939 256 384512 4993024 0 8761 10553 65147
1790646189.566 91045337 4399634 13939 256 384512 4993024 0 8772 10568 65147
1790646189.829 91045337 4399634 13939 256 384512 4993024 0 8783 10583 65147
1790646190.088 91045337 4399634 13939 256 384512 4993024 0 8795 10597 65147
1790646190.348 91045337 4399634 13939 256 384512 4993024 0 8806 10612 65147
1790646190.607 91045337 4399634 13939 256 384512 4993024 0 8817 10627 65147
1790646190.866 91045337 4399634 13939 256 384512 4993024 0 8828 10641 65147
1790646191.125 91045337 4399634 13939 256 384512 4993024 0 8840 10656 65147
1790646191.386 91045337 4399634 13939 256 384512 4993024 0 8851 10671 65147
1790646191.645 91045337 4399634 13939 256 384512 4993024 0 8861 10686 65147
1790646191.904 91045337 4399634 13939 256 384512 4993024 0 8872 10701 65147
1790646192.164 91045337 4399634 13939 256 384512 4993024 0 8884 10715 65147
1790646192.424 91045337 4399634 13939 256 384512 4993024 0 8893 10732 65147
1790646192.683 91045337 4399634 13939 256 384512 4993024 0 8903 10747 65147
1790646192.942 91045337 4399634 13939 256 384512 4993024 0 8915 10762 65147
1790646193.201 91045337 4399634 13939 256 384512 4993024 0 8925 10777 65147
1790646193.460 91045337 4399634 13939 256 384512 4993024 0 8936 10792 65147
1790646193.720 91045337 4399634 13939 256 384512 4993024 0 8947 10807 65147
1790646193.980 91045337 4399634 13939 256 384512 4993024 0 8957 10823 65147
1790646194.240 91045337 4399634 13939 256 384512 4993024 0 8968 10838 65147
1790646194.503 91045337 4399634 13939 256 384512 4993024 0 8979 10852 65147
1790646194.762 91045337 4399634 13939 256 384512 4993024 0 8991 10867 65147
1790646195.022 91045337 4399634 13939 256 384512 4993024 0 9003 10881 65147
1790646195.282 91045337 4399634 13939 256 384512 4993024 0 9014 10895 65147
1790646195.542 91045337 4399634 13939 256 384512 4993024 0 9025 10910 65147
1790646195.803 91045337 4400302 13939 257 384512 4993024 0 9036 10925 65147
1790646196.062 91045337 4400302 13939 257 384512 4993024 0 9048 10939 65147
1790646196.321 91045337 4400302 13939 257 384512 4993024 0 9059 10954 65147
1790646196.581 91045337 4400302 13939 257 384512 4993024 0 9071 10969 65147
1790646196.840 91045337 4400302 13939 257 384512 4993024 0 9082 10983 65147
1790646197.099 91045337 4400302 13939 257 384512 4993024 0 9093 10998 65147
1790646197.358 91045337 4400302 13939 257 384512 4993024 0 9104 11012 65147
1790646197.616 91045337 4400302 13939 257 384512 4993024 0 9114 11028 65147
1790646197.879 91045337 4400302 13939 257 384512 4993024 0 9124 11044 65147
1790646198.137 91045337 4400302 13939 257 384512 4993024 0 9136 11058 65147
1790646198.396 91045337 4400302 13939 257 384512 4993024 0 9148 11072 65147
1790646198.655 91045337 4400302 13939 257 384512 4993024 0 9161 11085 65147
1790646198.914 91045337 4400302 13939 257 384512 4993024 0 9171 11101 65147
1790646199.174 91045337 4400302 13939 257 384512 4993024 0 9182 11116 65147
1790646199.434 91045337 4400302 13939 257 384512 4993024 0 9193 11131 65147
1790646199.693 91045337 4400302 13939 257 384512 4993024 0 9203 11146 65147
1790646199.952 91045337 4400302 13939 257 384512 4993024 0 9214 11161 65147
1790646200.212 91045337 4400302 13939 257 384512 4993024 0 9227 11174 65147
1790646200.472 91045337 4400302 13939 257 384512 4993024 0 9239 11188 65147
1790646200.732 91045337 4400302 13939 257 384512 4993024 0 9248 11205 65147
1790646200.992 91045337 4400302 13939 257 384512 4993024 0 9259 11219 65147
1790646201.254 91045337 4400302 13939 257 384512 4993024 0 9271 11234 65147
1790646201.513 91045337 4400302 13939 257 384512 4993024 0 9283 11248 65147
1790646201.772 91045337 4400302 13939 257 384512 4993024 0 9294 11263 65147
1790646202.033 91045337 4400302 13939 257 384512 4993024 0 9304 11279 65147
1790646202.294 91045337 4400302 13939 257 384512 4993024 0 9315 11294 65147
1790646202.553 91045337 4400302 13939 257 384512 4993024 0 9327 11307 65147
1790646202.831 91045337 4400302 13939 257 384512 4993024 0 9339 11323 65147
1790646203.091 91045337 4400302 13939 257 384512 4993024 0 9352 11336 65147
1790646203.349 91045337 4400302 13939 257 384512 4993024 0 9363 11351 65147
1790646203.609 91045337 4400302 13939 257 384512 4993024 0 9373 11367 65147
1790646203.869 91045337 4400302 13939 257 384512 4993024 0 9385 11381 65147
1790646204.128 91045337 4400302 13939 257 384512 4993024 0 9397 11395 65147
1790646204.393 91045337 4400302 13939 257 384512 4993024 0 9409 11409 65147
1790646204.653 91045337 4400302 13939 257 384512 4993024 0 9419 11425 65147
1790646204.912 91045337 4400302 13939 257 384512 4993024 0 9430 11440 65147
1790646205.171 91045337 4400302 13939 257 384512 4993024 0 9441 11455 65147
1790646205.430 91045337 4400302 13939 257 384512 4993024 0 9452 11469 65147
1790646205.690 91045337 4400302 13939 257 384512 4993024 0 9464 11483 65147
1790646205.949 91045337 4400970 13939 258 384512 4993024 0 9475 11498 65147
1790646206.213 91045337 4400970 13939 258 384512 4993024 0 9486 11513 65147
1790646206.473 91045337 4400970 13939 258 384512 4993024 0 9498 11528 65147
1790646206.732 91045337 4400970 13939 258 384512 4993024 0 9510 11541 65147
1790646206.991 91045337 4400970 13939 258 384512 4993024 0 9522 11555 65147
1790646207.250 91045337 4400970 13939 258 384512 4993024 0 9535 11568 65147
1790646207.509 91045337 4400970 13939 258 384512 4993024 0 9546 11583 65147
1790646207.768 91045337 4400970 13939 258 384512 4993024 0 9557 11597 65147
1790646208.028 91045337 4400970 13939 258 384512 4993024 0 9569 11612 65147
1790646208.288 91045337 4400970 13939 258 384512 4993024 0 9580 11626 65147
1790646208.548 91045337 4400970 13939 258 384512 4993024 0 9591 11642 65147
1790646208.807 91045337 4400970 13939 258 384512 4993024 0 9602 11657 65147
1790646209.067 91045337 4400970 13939 258 384512 4993024 0 9613 11671 65147
