# pid 947  clk_tck=
# t rchar wchar syscr syscw read_bytes write_bytes cancelled_write_bytes utime stime hda_pos
1790645294.984 110455571 549250 2831733 260 60559872 872448 0 10800 16715 21846
1790645295.249 110456055 549250 2834336 260 60559872 872448 0 10810 16731 21846
1790645295.508 110456594 549250 2836950 260 60559872 872448 0 10819 16748 21846
1790645295.768 110503442 549250 2839545 260 60559872 872448 0 10830 16763 21846
1790645296.029 110503690 549250 2842172 260 60559872 872448 0 10841 16779 21846
1790645296.288 110504108 549250 2844783 260 60559872 872448 0 10851 16793 21846
1790645296.547 110505152 549250 2847386 260 60559872 872448 0 10862 16809 21846
1790645296.817 110509214 549250 2850024 260 60559872 872448 0 10875 16825 21846
1790645297.130 110515850 549284 2852926 261 60559872 872448 0 10886 16841 21880
1790645297.390 110516336 549284 2855536 261 60559872 872448 0 10897 16856 21880
1790645297.649 110516943 549284 2858148 261 60559872 872448 0 10908 16870 21880
1790645297.908 110517361 549284 2860748 261 60559872 872448 0 10919 16885 21880
1790645298.162 110526193 549284 2863221 261 60559872 872448 0 10929 16903 21880
1790645298.470 110529481 549284 2866107 261 60559872 872448 0 10940 16920 21880
1790645298.729 110529789 549284 2868720 261 60559872 872448 0 10949 16936 21880
1790645298.984 110547341 549284 2871292 261 60559872 872448 0 10959 16952 21880
1790645299.247 110547589 549284 2873901 261 60559872 872448 0 10969 16968 21880
1790645299.507 110548128 549284 2876521 261 60559872 872448 0 10979 16984 21880
1790645299.766 110549408 549284 2879136 261 60559872 872448 0 10989 17000 21880
1790645300.027 110549656 549284 2881763 261 60559872 872448 0 10998 17017 21880
1790645300.286 110549904 549284 2884374 261 60559872 872448 0 11007 17034 21880
1790645300.545 110550152 549284 2886991 261 60559872 872448 0 11016 17051 21880
1790645300.804 110550740 549284 2889600 261 60559872 872448 0 11026 17067 21880
1790645301.063 110550988 549284 2892213 261 60559872 872448 0 11036 17083 21880
1790645301.322 110551236 549284 2894830 261 60559872 872448 0 11046 17099 21880
1790645301.582 110552279 549284 2897448 261 60559872 872448 0 11056 17114 21880
1790645301.841 110774393 549284 2900039 261 60559872 872448 0 11066 17130 21880
1790645302.101 110813613 549284 2902616 261 60559872 872448 0 11077 17145 21880
1790645302.359 110813981 549284 2905228 261 60559872 872448 0 11088 17160 21880
1790645302.621 110837003 549284 2907834 261 60559872 872448 0 11099 17175 21880
1790645302.880 110860291 549284 2910441 261 60559872 872448 0 11108 17192 21880
1790645303.139 110860539 549284 2913052 261 60559872 872448 0 11117 17208 21880
1790645303.399 110861025 549284 2915608 261 60559872 872448 0 11127 17224 21880
1790645303.657 110861326 549284 2918220 261 60559872 872448 0 11137 17240 21880
1790645303.917 110861574 549284 2920829 261 60559872 872448 0 11147 17256 21880
1790645304.176 110861822 549284 2923441 261 60559872 872448 0 11157 17272 21880
1790645304.435 110862070 549284 2926053 261 60559872 872448 0 11167 17288 21880
1790645304.689 110862318 549284 2928668 261 60559872 872448 0 11178 17303 21880
1790645304.954 110862736 549284 2931287 261 60559872 872448 0 11187 17319 21880
1790645305.214 110863154 549284 2933897 261 60559872 872448 0 11198 17334 21880
1790645305.474 110863700 549284 2936507 261 60559872 872448 0 11208 17350 21880
1790645305.733 110864001 549284 2939118 261 60559872 872448 0 11219 17365 21880
1790645305.993 110864249 549284 2941727 261 60559872 872448 0 11230 17380 21880
1790645306.251 110864667 549284 2944348 261 60559872 872448 0 11239 17397 21880
1790645306.513 110865487 549284 2946964 261 60559872 872448 0 11250 17412 21880
1790645306.772 110889579 551844 2949265 266 60559872 901120 0 11259 17426 21880
1790645307.033 111353699 552460 2951807 267 60559872 901120 0 11270 17441 22496
1790645307.292 111353947 552460 2954413 267 60559872 901120 0 11280 17457 22496
1790645307.551 111355092 552460 2957030 267 60559872 901120 0 11290 17473 22496
1790645307.809 111375100 617996 2959141 268 60563968 970752 0 11302 17486 22496
1790645308.071 111383096 880140 2960188 272 60576768 1318912 0 11316 17492 22496
1790645308.333 111603124 1142284 2961320 276 60584448 1527808 0 11331 17501 22496
1790645308.592 111966384 1273356 2962617 278 60592128 1736704 0 11346 17509 22496
1790645308.855 112365488 1388044 2963989 282 60592128 1798144 0 11360 17519 22496
1790645309.117 112672438 1601036 2965024 295 60592128 2068480 0 11372 17526 22496
1790645309.377 113039014 1682956 2966323 300 60592128 2170880 0 11387 17535 22496
1790645309.635 113162217 1846796 2967191 310 60692992 2375680 0 11396 17542 22496
1790645309.896 113296251 2108940 2968137 326 60692992 2740224 0 11407 17549 22496
1790645310.157 113584759 2207244 2969377 328 60824064 2809856 0 11424 17556 22496
1790645310.418 113879409 2371084 2970599 333 60852736 2994176 0 11437 17565 22496
1790645310.677 114159215 2600460 2971716 340 60852736 3252224 0 11451 17572 22496
1790645310.938 114483901 2633228 2973055 341 60852736 3289088 0 11468 17580 22496
1790645311.199 114726327 2829836 2974189 347 60852736 3510272 0 11482 17588 22496
1790645311.466 114920579 3141132 2975218 356 60852736 3858432 0 11495 17595 22496
1790645311.728 115178202 3337740 2976396 360 60852736 4071424 0 11511 17603 22496
1790645311.988 115453402 3534348 2977559 364 60852736 4284416 0 11526 17611 22496
1790645312.247 115727064 3681804 2978770 367 60852736 4444160 0 11542 17618 22496
1790645312.508 115984590 3878412 2979953 371 60852736 4657152 0 11558 17625 22496
1790645312.770 116240576 4025868 2981176 374 60983808 4816896 0 11573 17633 22496
1790645313.031 116480038 4255244 2982142 378 60983808 5062656 0 11586 17640 22496
1790645313.286 116735842 4451852 2983284 381 60983808 5271552 0 11602 17647 22496
1790645313.555 116991875 4648460 2984464 384 60983808 5480448 0 11617 17655 22496
1790645313.815 117247615 4779532 2985670 386 60983808 5689344 0 11633 17663 22496
1790645314.076 117519741 4976140 2986849 389 60983808 5832704 0 11649 17671 22496
1790645314.337 117612665 5107212 2988811 391 60983808 5971968 0 11662 17682 22496
1790645314.595 117612913 5107212 2991423 391 60983808 5971968 0 11672 17698 22496
1790645314.856 117613331 5107212 2994047 391 60983808 5971968 0 11680 17715 22496
1790645315.115 117613579 5107212 2996658 391 60983808 5971968 0 11691 17730 22496
1790645315.375 117614235 5107212 2999274 391 60983808 5971968 0 11701 17746 22496
1790645315.635 117614596 5107212 3001890 391 60983808 5971968 0 11711 17762 22496
1790645315.894 117614844 5107212 3004497 391 60983808 5971968 0 11722 17777 22496
1790645316.154 117615152 5107212 3007113 391 60983808 5971968 0 11731 17794 22496
1790645316.413 117615816 5107212 3009728 391 60983808 5971968 0 11740 17810 22496
1790645316.673 117616382 5107212 3012342 391 60983808 5971968 0 11750 17827 22496
1790645316.934 117617346 5107212 3014963 391 60983808 5971968 0 11761 17842 22496
1790645317.193 117617594 5107887 3017570 392 60983808 5971968 0 11771 17858 23171
1790645317.452 117618080 5107887 3020180 392 60983808 5971968 0 11780 17874 23171
1790645317.711 117618947 5107887 3022802 392 60983808 5971968 0 11790 17891 23171
1790645317.971 117619195 5107887 3025412 392 60983808 5971968 0 11799 17907 23171
1790645318.231 117619443 5107887 3028029 392 60983808 5971968 0 11809 17923 23171
1790645318.490 117619695 5107887 3030579 392 60983808 5971968 0 11819 17939 23171
1790645318.750 117619943 5107887 3033186 392 60983808 5971968 0 11829 17954 23171
1790645319.009 117684703 5107887 3035786 392 60983808 5971968 0 11840 17970 23171
1790645319.269 117705431 5107887 3038392 392 60983808 5971968 0 11849 17986 23171
1790645319.528 117705970 5107887 3040999 392 60983808 5971968 0 11860 18001 23171
1790645319.786 117825516 5110959 3043347 398 60983808 6000640 0 11869 18016 23171
1790645320.047 117825764 5110959 3045960 398 60983808 6000640 0 11880 18032 23171
1790645320.306 117826012 5110959 3048578 398 60983808 6000640 0 11890 18047 23171
1790645320.566 117827011 5110959 3051195 398 60983808 6000640 0 11900 18063 23171
1790645320.825 117827599 5110959 3053800 398 60983808 6000640 0 11909 18079 23171
1790645321.085 117828103 5110959 3056419 398 60983808 6000640 0 11920 18095 23171
1790645321.344 117828351 5110959 3059029 398 60983808 6000640 0 11930 18111 23171
1790645321.604 117829983 5110959 3061663 398 60983808 6000640 0 11939 18127 23171
1790645321.866 117830657 5110959 3064272 398 60983808 6000640 0 11950 18143 23171
1790645322.125 117830905 5110959 3066881 398 60983808 6000640 0 11960 18158 23171
1790645322.385 117831213 5110959 3069497 398 60983808 6000640 0 11971 18174 23171
1790645322.644 117831707 5110959 3072109 398 60983808 6000640 0 11981 18189 23171
1790645322.904 117831955 5110959 3074720 398 60983808 6000640 0 11990 18206 23171
1790645323.164 117832305 5110959 3077333 398 60983808 6000640 0 12000 18222 23171
1790645323.423 117832915 5110959 3079880 398 60983808 6000640 0 12011 18237 23171
1790645323.683 117833680 5110959 3082504 398 60983808 6000640 0 12021 18253 23171
1790645323.943 117834358 5110959 3085109 398 60983808 6000640 0 12031 18269 23171
1790645324.202 117834606 5110959 3087720 398 60983808 6000640 0 12040 18285 23171
1790645324.462 117834854 5110959 3090335 398 60983808 6000640 0 12051 18301 23171
1790645324.719 117835272 5110959 3092942 398 60983808 6000640 0 12061 18316 23171
1790645324.980 117835520 5110959 3095559 398 60983808 6000640 0 12072 18331 23171
1790645325.240 117835900 5110959 3098167 398 60983808 6000640 0 12083 18347 23171
1790645325.500 117836609 5110959 3100784 398 60983808 6000640 0 12093 18362 23171
1790645325.758 117836857 5110959 3103393 398 60983808 6000640 0 12103 18378 23171
1790645326.019 117837105 5110959 3106004 398 60983808 6000640 0 12114 18393 23171
1790645326.278 117837523 5110959 3108622 398 60983808 6000640 0 12123 18410 23171
1790645326.540 117838593 5110959 3111253 398 60983808 6000640 0 12133 18426 23171
1790645326.801 117839371 5110959 3113874 398 60983808 6000640 0 12142 18442 23171
1790645327.062 117839619 5111637 3116497 399 60983808 6000640 0 12152 18458 23849
1790645327.321 117839867 5111637 3119107 399 60983808 6000640 0 12163 18474 23849
1790645327.580 117840772 5111637 3121719 399 60983808 6000640 0 12174 18490 23849
1790645327.847 117841430 5111637 3124392 399 60983808 6000640 0 12184 18505 23849
1790645328.106 117841678 5111637 3127004 399 60983808 6000640 0 12194 18521 23849
1790645328.373 117841926 5111637 3129636 399 60983808 6000640 0 12204 18537 23849
1790645328.632 117842174 5111637 3132248 399 60983808 6000640 0 12213 18554 23849
1790645328.892 117842422 5111637 3134859 399 60983808 6000640 0 12223 18570 23849
1790645329.151 117842670 5111637 3137473 399 60983808 6000640 0 12232 18587 23849
1790645329.410 117843156 5111637 3140088 399 60983808 6000640 0 12242 18603 23849
1790645329.671 117844003 5111637 3142707 399 60983808 6000640 0 12252 18619 23849
1790645329.930 117844251 5111637 3145315 399 60983808 6000640 0 12263 18634 23849
1790645330.190 117844499 5111637 3147929 399 60983808 6000640 0 12274 18648 23849
1790645330.450 117844747 5111637 3150546 399 60983808 6000640 0 12285 18664 23849
1790645330.709 117844995 5111637 3153157 399 60983808 6000640 0 12295 18680 23849
1790645330.969 117845583 5111637 3155773 399 60983808 6000640 0 12306 18695 23849
1790645331.228 117845831 5111637 3158383 399 60983808 6000640 0 12315 18712 23849
1790645331.488 117846616 5111637 3160996 399 60983808 6000640 0 12325 18728 23849
1790645331.751 117847502 5111637 3163629 399 60983808 6000640 0 12334 18744 23849
1790645332.011 117847750 5111637 3166244 399 60983808 6000640 0 12344 18761 23849
1790645332.271 117848118 5111637 3168860 399 60983808 6000640 0 12353 18777 23849
1790645332.530 117848612 5111637 3171472 399 60983808 6000640 0 12361 18795 23849
1790645332.787 117848980 5111637 3174082 399 60983808 6000640 0 12370 18812 23849
1790645333.050 117849228 5111637 3176699 399 60983808 6000640 0 12380 18828 23849
1790645333.309 117849476 5111637 3179312 399 60983808 6000640 0 12390 18844 23849
1790645333.568 117850195 5111637 3181868 399 60983808 6000640 0 12400 18859 23849
1790645333.828 117850563 5111637 3184480 399 60983808 6000640 0 12410 18876 23849
1790645334.087 117850811 5111637 3187088 399 60983808 6000640 0 12419 18892 23849
1790645334.347 117851059 5111637 3189699 399 60983808 6000640 0 12430 18907 23849
1790645334.606 117851307 5111637 3192316 399 60983808 6000640 0 12440 18924 23849
1790645334.866 117851725 5111637 3194926 399 60983808 6000640 0 12450 18939 23849
1790645335.126 117851973 5111637 3197540 399 60983808 6000640 0 12460 18955 23849
1790645335.385 117852629 5111637 3200152 399 60983808 6000640 0 12470 18971 23849
1790645335.644 117852930 5111637 3202760 399 60983808 6000640 0 12479 18987 23849
1790645335.903 117853178 5111637 3205368 399 60983808 6000640 0 12488 19004 23849
1790645336.163 117853426 5111637 3207980 399 60983808 6000640 0 12497 19021 23849
1790645336.422 117854090 5111637 3210595 399 60983808 6000640 0 12507 19037 23849
1790645336.681 117854758 5111637 3213206 399 60983808 6000640 0 12518 19053 23849
1790645336.941 117855176 5111637 3215820 399 60983808 6000640 0 12527 19069 23849
1790645337.202 117855424 5112315 3218439 400 60983808 6000640 0 12538 19084 24527
1790645337.461 117856156 5112315 3221051 400 60983808 6000640 0 12548 19100 24527
1790645337.720 117856517 5112315 3223660 400 60983808 6000640 0 12559 19115 24527
