# pid 947  clk_tck=
# t rchar wchar syscr syscw read_bytes write_bytes cancelled_write_bytes utime stime hda_pos
1790645370.803 123103746 5288739 3565944 438 61049344 6225920 0 13871 21103 26566
1790645371.068 123104871 5288739 3568590 438 61049344 6225920 0 13880 21120 26566
1790645371.327 123105787 5288739 3571214 438 61049344 6225920 0 13891 21136 26566
1790645371.586 123107008 5288739 3573835 438 61049344 6225920 0 13901 21151 26566
1790645371.846 123108922 5288739 3576465 438 61049344 6225920 0 13910 21168 26566
1790645372.107 123110166 5288739 3579088 438 61049344 6225920 0 13920 21184 26566
1790645372.366 123110752 5288739 3581715 438 61049344 6225920 0 13929 21202 26566
1790645372.640 123115560 5288739 3584458 438 61049344 6225920 0 13940 21220 26566
1790645372.957 123123212 5288773 3587402 439 61049344 6225920 0 13951 21237 26600
1790645373.218 123123460 5288773 3590043 439 61049344 6225920 0 13962 21252 26600
1790645373.478 123124729 5288773 3592665 439 61049344 6225920 0 13972 21268 26600
1790645373.737 123124977 5288773 3595219 439 61049344 6225920 0 13982 21284 26600
1790645374.004 123133809 5288773 3597767 439 61049344 6225920 0 13992 21300 26600
1790645374.285 123137097 5288773 3600552 439 61049344 6225920 0 14001 21319 26600
1790645374.544 123137345 5288773 3603171 439 61049344 6225920 0 14011 21335 26600
1790645374.804 123138171 5288773 3605793 439 61049344 6225920 0 14021 21351 26600
1790645375.063 123139077 5288773 3608425 439 61049344 6225920 0 14030 21368 26600
1790645375.324 123139495 5288773 3611041 439 61049344 6225920 0 14039 21385 26600
1790645375.583 123140704 5288773 3613655 439 61049344 6225920 0 14049 21401 26600
1790645375.841 123141132 5288773 3616271 439 61049344 6225920 0 14058 21417 26600
1790645376.102 123141440 5288773 3618887 439 61049344 6225920 0 14068 21433 26600
1790645376.361 123141960 5288773 3621503 439 61049344 6225920 0 14078 21450 26600
1790645376.621 123142454 5288773 3624125 439 61049344 6225920 0 14085 21468 26600
1790645376.880 123143276 5288773 3626739 439 61049344 6225920 0 14096 21483 26600
1790645377.141 123143524 5288773 3629366 439 61049344 6225920 0 14105 21500 26600
1790645377.400 123143772 5288773 3631985 439 61049344 6225920 0 14113 21517 26600
1790645377.659 123281261 5288773 3634558 439 61049344 6225920 0 14124 21533 26600
1790645377.919 123343691 5288773 3637159 439 61049344 6225920 0 14134 21548 26600
1790645378.178 123343939 5288773 3639777 439 61049344 6225920 0 14143 21565 26600
1790645378.438 123344187 5288773 3642398 439 61049344 6225920 0 14152 21582 26600
1790645378.697 123344435 5288773 3644964 439 61049344 6225920 0 14162 21598 26600
1790645378.956 123345341 5288773 3647578 439 61049344 6225920 0 14171 21615 26600
1790645379.216 123346135 5288773 3650202 439 61049344 6225920 0 14182 21630 26600
1790645379.476 123347291 5288773 3652823 439 61049344 6225920 0 14191 21647 26600
1790645379.735 123347652 5288773 3655443 439 61049344 6225920 0 14199 21665 26600
1790645379.994 123347900 5288773 3658061 439 61049344 6225920 0 14208 21681 26600
1790645380.254 123348148 5288773 3660682 439 61049344 6225920 0 14217 21698 26600
1790645380.514 123348396 5288773 3663306 439 61049344 6225920 0 14227 21714 26600
1790645380.772 123348814 5288773 3665929 439 61049344 6225920 0 14236 21731 26600
1790645381.032 123349232 5288773 3668540 439 61049344 6225920 0 14246 21747 26600
1790645381.292 123349540 5288773 3671159 439 61049344 6225920 0 14255 21763 26600
1790645381.551 123350421 5288773 3673781 439 61049344 6225920 0 14265 21779 26600
1790645381.811 123350839 5288773 3676404 439 61049344 6225920 0 14274 21796 26600
1790645382.071 123351087 5288773 3679024 439 61049344 6225920 0 14282 21814 26600
1790645382.330 123351335 5288773 3681644 439 61049344 6225920 0 14291 21831 26600
1790645382.588 123351889 5288773 3684264 439 61049344 6225920 0 14300 21848 26600
1790645382.849 123352137 5289361 3686881 440 61049344 6225920 0 14310 21864 27188
1790645383.108 123493699 5290385 3689246 442 61049344 6242304 0 14319 21878 27188
1790645383.369 123594813 5355921 3691216 443 61049344 6381568 0 14333 21889 27188
1790645383.631 123601506 5683601 3692283 448 61049344 6660096 0 14348 21895 27188
1790645383.895 123893088 5880209 3693558 451 61049344 6868992 0 14364 21903 27188
1790645384.155 124256350 6076817 3694847 454 61049344 7081984 0 14380 21911 27188
1790645384.415 124639070 6142353 3696185 458 61049344 7163904 0 14394 21920 27188
1790645384.675 124947558 6371729 3697228 472 61049344 7450624 0 14406 21928 27188
1790645384.925 125294606 6420881 3698449 475 61049344 7532544 0 14419 21934 27188
1790645385.184 125384990 6617489 3699483 487 61049344 7778304 0 14432 21941 27188
1790645385.443 125532608 6912401 3700399 502 61049344 8114176 0 14442 21948 27188
1790645385.703 125857097 6977937 3701719 503 61049344 8183808 0 14460 21955 27188
1790645385.964 126151747 7109009 3702949 507 61049344 8368128 0 14474 21964 27188
1790645386.224 126431553 7371153 3704085 515 61049344 8626176 0 14486 21973 27188
1790645386.485 126740111 7436689 3705397 517 61049344 8699904 0 14502 21982 27188
1790645386.745 126946829 7633297 3706566 523 61049344 8921088 0 14515 21991 27188
1790645387.014 127176909 7960977 3707581 532 61049344 9285632 0 14528 21998 27188
1790645387.274 127452109 8157585 3708733 536 61049344 9498624 0 14543 22005 27188
1790645387.533 127726308 8305041 3709955 539 61049344 9658368 0 14558 22014 27188
1790645387.794 127983588 8501649 3711147 543 61049344 9871360 0 14572 22023 27188
1790645388.054 128259318 8698257 3712336 547 61049344 10084352 0 14587 22031 27188
1790645388.314 128459770 8796561 3713401 549 61049344 10190848 0 14600 22038 27188
1790645388.571 128734978 9025937 3714528 553 61049344 10436608 0 14615 22046 27188
1790645388.829 128954890 9222545 3715500 556 61049344 10645504 0 14628 22052 27188
1790645389.088 129210640 9419153 3716688 559 61049344 10858496 0 14643 22061 27188
1790645389.351 129466388 9550225 3717883 561 61049344 11067392 0 14659 22069 27188
1790645389.610 129740349 9746833 3719085 564 61049344 11276288 0 14675 22076 27188
1790645389.871 129831745 9877905 3721133 566 61049344 11345920 0 14687 22088 27188
1790645390.130 129832001 9877905 3723753 566 61049344 11345920 0 14697 22105 27188
1790645390.389 129832257 9877905 3726373 566 61049344 11345920 0 14706 22122 27188
1790645390.649 129874497 9877905 3728987 566 61049344 11345920 0 14716 22137 27188
1790645390.908 129875195 9877905 3731600 566 61049344 11345920 0 14725 22154 27188
1790645391.167 129875451 9877905 3734211 566 61049344 11345920 0 14734 22171 27188
1790645391.427 129875945 9877905 3736839 566 61049344 11345920 0 14743 22188 27188
1790645391.687 129876500 9877905 3739466 566 61049344 11345920 0 14751 22206 27188
1790645391.947 129877304 9877905 3742104 566 61049344 11345920 0 14760 22223 27188
1790645392.208 129877680 9877905 3744724 566 61049344 11345920 0 14770 22239 27188
1790645392.467 129877936 9877905 3747343 566 61049344 11345920 0 14781 22254 27188
1790645392.727 129879445 9877905 3749984 566 61049344 11345920 0 14792 22269 27188
1790645392.988 129879821 9878579 3752599 567 61049344 11345920 0 14802 22284 27862
1790645393.248 129880137 9878579 3755218 567 61049344 11345920 0 14811 22301 27862
1790645393.509 129880684 9878579 3757853 567 61049344 11345920 0 14821 22318 27862
1790645393.768 129881875 9878579 3760415 567 61049344 11345920 0 14830 22335 27862
1790645394.031 129882387 9878579 3763060 567 61049344 11345920 0 14839 22351 27862
1790645394.290 129882643 9878579 3765681 567 61049344 11345920 0 14849 22367 27862
1790645394.549 129882899 9878579 3768306 567 61049344 11345920 0 14860 22382 27862
1790645394.809 129903805 9878579 3770916 567 61049344 11345920 0 14870 22398 27862
1790645395.069 129904061 9878579 3773532 567 61049344 11345920 0 14880 22414 27862
1790645395.326 129923433 9881651 3775876 573 61049344 11374592 0 14890 22427 27862
1790645395.588 129923980 9881651 3778500 573 61049344 11374592 0 14901 22442 27862
1790645395.848 129924296 9881651 3781118 573 61049344 11374592 0 14911 22459 27862
1790645396.106 129924552 9881651 3783744 573 61049344 11374592 0 14920 22476 27862
1790645396.367 129924978 9881651 3786366 573 61049344 11374592 0 14929 22492 27862
1790645396.627 129925480 9881651 3788992 573 61049344 11374592 0 14937 22510 27862
1790645396.889 129926112 9881651 3791624 573 61049344 11374592 0 14947 22526 27862
1790645397.149 129926428 9881651 3794249 573 61049344 11374592 0 14957 22542 27862
1790645397.408 129926684 9881651 3796872 573 61049344 11374592 0 14967 22558 27862
1790645397.668 129927537 9881651 3799493 573 61049344 11374592 0 14978 22573 27862
1790645397.927 129928155 9881651 3802108 573 61049344 11374592 0 14988 22589 27862
1790645398.187 129928411 9881651 3804733 573 61049344 11374592 0 14998 22605 27862
1790645398.447 129928667 9881651 3807354 573 61049344 11374592 0 15008 22621 27862
1790645398.705 129928927 9881651 3809958 573 61049344 11374592 0 15016 22639 27862
1790645398.978 129929183 9881651 3812615 573 61049344 11374592 0 15026 22655 27862
1790645399.237 129929439 9881651 3815240 573 61049344 11374592 0 15036 22670 27862
1790645399.499 129929986 9881651 3817876 573 61049344 11374592 0 15046 22686 27862
1790645399.758 129930242 9881651 3820496 573 61049344 11374592 0 15054 22704 27862
1790645400.018 130056454 9881651 3822866 573 61098496 11374592 0 15066 22718 27862
1790645400.277 130056710 9881651 3825490 573 61098496 11374592 0 15074 22736 27862
1790645400.537 130056966 9881651 3828111 573 61098496 11374592 0 15082 22753 27862
1790645400.797 130057482 9881651 3830740 573 61098496 11374592 0 15093 22769 27862
1790645401.057 130057908 9881651 3833356 573 61098496 11374592 0 15103 22784 27862
1790645401.316 130058164 9881651 3836028 573 61098496 11374592 0 15114 22800 27862
1790645401.581 130058957 9881651 3838652 573 61098496 11374592 0 15122 22818 27862
1790645401.839 130060563 9881651 3841287 573 61098496 11374592 0 15132 22834 27862
1790645402.104 130061011 9881651 3843923 573 61098496 11374592 0 15142 22850 27862
1790645402.363 130061267 9881651 3846545 573 61098496 11374592 0 15151 22867 27862
1790645402.623 130061949 9881651 3849179 573 61098496 11374592 0 15162 22882 27862
1790645402.883 130062751 9882328 3851783 574 61098496 11374592 0 15173 22897 28539
1790645403.142 130063007 9882328 3854404 574 61098496 11374592 0 15182 22914 28539
1790645403.401 130063263 9882328 3857022 574 61098496 11374592 0 15192 22930 28539
1790645403.661 130063990 9882328 3859645 574 61098496 11374592 0 15201 22946 28539
1790645403.920 130064246 9882328 3862192 574 61098496 11374592 0 15212 22962 28539
1790645404.180 130064502 9882328 3864814 574 61098496 11374592 0 15221 22978 28539
1790645404.439 130064758 9882328 3867439 574 61098496 11374592 0 15229 22996 28539
1790645404.698 130065014 9882328 3870059 574 61098496 11374592 0 15238 23013 28539
1790645404.958 130065440 9882328 3872683 574 61098496 11374592 0 15247 23030 28539
1790645405.217 130065696 9882328 3875300 574 61098496 11374592 0 15256 23046 28539
1790645405.477 130066413 9882328 3877947 574 61098496 11374592 0 15267 23062 28539
1790645405.738 130066669 9882328 3880567 574 61098496 11374592 0 15275 23080 28539
1790645405.998 130066925 9882328 3883190 574 61098496 11374592 0 15285 23096 28539
1790645406.258 130067351 9882328 3885822 574 61098496 11374592 0 15292 23114 28539
1790645406.517 130067853 9882328 3888433 574 61098496 11374592 0 15303 23129 28539
1790645406.777 130068109 9882328 3891056 574 61098496 11374592 0 15313 23145 28539
1790645407.042 130069699 9882328 3893713 574 61098496 11374592 0 15323 23162 28539
1790645407.301 130070160 9882328 3896338 574 61098496 11374592 0 15333 23178 28539
1790645407.563 130070953 9882328 3898965 574 61098496 11374592 0 15343 23194 28539
1790645407.824 130071379 9882328 3901598 574 61098496 11374592 0 15353 23210 28539
1790645408.083 130072055 9882328 3904209 574 61098496 11374592 0 15365 23224 28539
1790645408.341 130072311 9882328 3906834 574 61098496 11374592 0 15375 23239 28539
1790645408.604 130073327 9882328 3909468 574 61098496 11374592 0 15385 23256 28539
1790645408.858 130073947 9882328 3912028 574 61098496 11374592 0 15394 23272 28539
1790645409.124 130074567 9882328 3914647 574 61098496 11374592 0 15403 23289 28539
1790645409.384 130075519 9882328 3917274 574 61098496 11374592 0 15413 23305 28539
1790645409.644 130076462 9882328 3919899 574 61098496 11374592 0 15422 23322 28539
1790645409.904 130076718 9882328 3922513 574 61098496 11374592 0 15432 23337 28539
1790645410.163 130076974 9882328 3925135 574 61098496 11374592 0 15441 23355 28539
1790645410.422 130077742 9882328 3927746 574 61098496 11374592 0 15452 23369 28539
1790645410.681 130077998 9882328 3930373 574 61098496 11374592 0 15461 23387 28539
1790645410.941 130078594 9882328 3932985 574 61098496 11374592 0 15472 23401 28539
1790645411.200 130078850 9882328 3935600 574 61098496 11374592 0 15482 23418 28539
1790645411.459 130080276 9882328 3938232 574 61098496 11374592 0 15489 23436 28539
1790645411.718 130080927 9882328 3940846 574 61098496 11374592 0 15501 23450 28539
1790645411.981 130081473 9882328 3943472 574 61098496 11374592 0 15511 23466 28539
1790645412.241 130081729 9882328 3946100 574 61098496 11374592 0 15521 23482 28539
1790645412.500 130082231 9882328 3948724 574 61098496 11374592 0 15531 23498 28539
1790645412.760 130083033 9882328 3951345 574 61098496 11374592 0 15542 23513 28539
1790645413.021 130083409 9883005 3953958 575 61098496 11374592 0 15552 23529 29216
1790645413.280 130083665 9883005 3956578 575 61098496 11374592 0 15562 23545 29216
1790645413.539 130084272 9883005 3959197 575 61098496 11374592 0 15571 23561 29216
