# pid 947  clk_tck=
# t rchar wchar syscr syscw read_bytes write_bytes cancelled_write_bytes utime stime hda_pos
1790645446.578 135249595 10063523 4301444 614 61098496 11599872 0 16870 25557 31254
1790645446.841 135250087 10063523 4304050 614 61098496 11599872 0 16880 25574 31254
1790645447.100 135250343 10063523 4306664 614 61098496 11599872 0 16889 25590 31254
1790645447.360 135250959 10063523 4309284 614 61098496 11599872 0 16898 25607 31254
1790645447.620 135251752 10063523 4311905 614 61098496 11599872 0 16908 25623 31254
1790645447.880 135252178 10063523 4314523 614 61098496 11599872 0 16917 25640 31254
1790645448.139 135252626 10063523 4317138 614 61098496 11599872 0 16927 25656 31254
1790645448.406 135256826 10063523 4319739 614 61098496 11599872 0 16937 25673 31254
1790645448.729 135263536 10063557 4322803 615 61098496 11599872 0 16947 25693 31288
1790645448.994 135263792 10063557 4325391 615 61098496 11599872 0 16958 25709 31288
1790645449.252 135264048 10063557 4328001 615 61098496 11599872 0 16967 25725 31288
1790645449.511 135264715 10063557 4330615 615 61098496 11599872 0 16979 25739 31288
1790645449.776 135273555 10063557 4333140 615 61098496 11599872 0 16988 25756 31288
1790645450.057 135276851 10063557 4335919 615 61098496 11599872 0 16999 25774 31288
1790645450.317 135294003 10063557 4338513 615 61098496 11599872 0 17008 25790 31288
1790645450.576 135294667 10063557 4341119 615 61098496 11599872 0 17017 25807 31288
1790645450.835 135295263 10063557 4343732 615 61098496 11599872 0 17027 25823 31288
1790645451.094 135295519 10063557 4346351 615 61098496 11599872 0 17036 25840 31288
1790645451.354 135295775 10063557 4348966 615 61098496 11599872 0 17045 25856 31288
1790645451.613 135296568 10063557 4351586 615 61098496 11599872 0 17055 25872 31288
1790645451.873 135296994 10063557 4354210 615 61098496 11599872 0 17064 25890 31288
1790645452.133 135297972 10063557 4356831 615 61098496 11599872 0 17073 25906 31288
1790645452.393 135298348 10063557 4359457 615 61098496 11599872 0 17083 25922 31288
1790645452.652 135298850 10063557 4362062 615 61098496 11599872 0 17093 25938 31288
1790645452.911 135299106 10063557 4364671 615 61098496 11599872 0 17102 25955 31288
1790645453.170 135299482 10063557 4367290 615 61098496 11599872 0 17110 25973 31288
1790645453.428 135539354 10063557 4369869 615 61098496 11599872 0 17120 25988 31288
1790645453.689 135779727 10063557 4372453 615 61098496 11599872 0 17130 26004 31288
1790645453.949 135779983 10063557 4375068 615 61098496 11599872 0 17141 26020 31288
1790645454.216 135860111 10063557 4377696 615 61098496 11599872 0 17150 26037 31288
1790645454.475 135860367 10063557 4380305 615 61098496 11599872 0 17160 26053 31288
1790645454.734 135860623 10063557 4382917 615 61098496 11599872 0 17169 26070 31288
1790645454.993 135861049 10063557 4385529 615 61098496 11599872 0 17178 26086 31288
1790645455.252 135861305 10063557 4388145 615 61098496 11599872 0 17188 26103 31288
1790645455.511 135862022 10063557 4390757 615 61098496 11599872 0 17197 26119 31288
1790645455.771 135862278 10063557 4393383 615 61098496 11599872 0 17207 26136 31288
1790645456.030 135862534 10063557 4395993 615 61098496 11599872 0 17216 26152 31288
1790645456.289 135862960 10063557 4398612 615 61098496 11599872 0 17226 26168 31288
1790645456.548 135863462 10063557 4401222 615 61098496 11599872 0 17235 26185 31288
1790645456.808 135943590 10063557 4403833 615 61098496 11599872 0 17245 26200 31288
1790645457.068 136281424 10063557 4406406 615 61098496 11599872 0 17255 26216 31288
1790645457.329 136343864 10063557 4409005 615 61098496 11599872 0 17266 26232 31288
1790645457.587 136344657 10063557 4411614 615 61098496 11599872 0 17276 26247 31288
1790645457.847 136424955 10063557 4414214 615 61098496 11599872 0 17286 26263 31288
1790645458.107 136425211 10063557 4416824 615 61098496 11599872 0 17295 26280 31288
1790645458.366 136425527 10063557 4419437 615 61098496 11599872 0 17304 26296 31288
1790645458.625 136425783 10064158 4422052 616 61098496 11599872 0 17316 26311 31889
1790645458.884 136546463 10065182 4424506 618 61098496 11616256 0 17325 26326 31889
1790645459.144 136746405 10130718 4426569 619 61098496 11689984 0 17338 26339 31889
1790645459.401 136754351 10458398 4427648 624 61098496 12038144 0 17352 26346 31889
1790645459.660 136992472 10655006 4428865 627 61098496 12247040 0 17366 26355 31889
1790645459.917 137373782 10851614 4430154 630 61098496 12455936 0 17383 26362 31889
1790645460.177 137737052 10900766 4431483 633 61098496 12517376 0 17398 26370 31889
1790645460.437 138061930 11113758 4432528 646 61098496 12783616 0 17409 26378 31889
1790645460.696 138410356 11195678 4433801 651 61098496 12886016 0 17424 26386 31889
1790645460.960 138535390 11375902 4434761 662 61098496 13111296 0 17434 26393 31889
1790645461.220 138667762 11654430 4435649 678 61098496 13455360 0 17444 26400 31889
1790645461.483 138976727 11719966 4436956 679 61098496 13561856 0 17460 26408 31889
1790645461.744 139284697 11818270 4438266 682 61098496 13635584 0 17477 26417 31889
1790645462.007 139551431 12145950 4439286 692 61098496 14004224 0 17490 26423 31889
1790645462.269 139859399 12178718 4440612 693 61098496 14077952 0 17506 26431 31889
1790645462.525 140098761 12342558 4441850 698 61098496 14225408 0 17521 26440 31889
1790645462.789 140329671 12703006 4442861 708 61098496 14626816 0 17533 26448 31889
1790645463.052 140568047 12850462 4444040 711 61098496 14786560 0 17549 26455 31889
1790645463.313 140843255 13047070 4445232 715 61098496 14999552 0 17563 26464 31889
1790645463.574 141118886 13243678 4446402 719 61098496 15212544 0 17579 26470 31889
1790645463.836 141392556 13391134 4447600 722 61098496 15372288 0 17595 26478 31889
1790645464.095 141631928 13587742 4448764 726 61098496 15589376 0 17610 26486 31889
1790645464.354 141887678 13767966 4449741 729 61098496 15781888 0 17623 26492 31889
1790645464.613 142143428 13964574 4450915 732 61098496 15990784 0 17639 26500 31889
1790645464.871 142381428 14161182 4452060 735 61098496 16199680 0 17654 26508 31889
1790645465.132 142637178 14357790 4453223 738 61098496 16408576 0 17669 26516 31889
1790645465.393 142893096 14488862 4454421 740 61098496 16617472 0 17684 26524 31889
1790645465.653 142984783 14619934 4456488 742 61098496 16687104 0 17696 26537 31889
1790645465.913 142985039 14619934 4459100 742 61098496 16687104 0 17706 26553 31889
1790645466.172 142985295 14619934 4461712 742 61098496 16687104 0 17717 26568 31889
1790645466.431 142985721 14619934 4464320 742 61098496 16687104 0 17727 26585 31889
1790645466.692 142987014 14619934 4466936 742 61098496 16687104 0 17737 26600 31889
1790645466.951 142987986 14619934 4469530 742 61098496 16687104 0 17747 26616 31889
1790645467.210 142988242 14619934 4472151 742 61098496 16687104 0 17757 26632 31889
1790645467.470 142989460 14619934 4474776 742 61098496 16687104 0 17766 26649 31889
1790645467.729 142990253 14619934 4477387 742 61098496 16687104 0 17776 26664 31889
1790645467.988 142990819 14619934 4479997 742 61098496 16687104 0 17787 26680 31889
1790645468.248 142991075 14619934 4482613 742 61098496 16687104 0 17795 26697 31889
1790645468.507 142991691 14619934 4485228 742 61098496 16687104 0 17804 26714 31889
1790645468.767 142992698 14620609 4487865 743 61098496 16687104 0 17814 26730 32564
1790645469.028 142993360 14620609 4490485 743 61098496 16687104 0 17822 26748 32564
1790645469.311 142994546 14620609 4493277 743 61098496 16687104 0 17834 26765 32564
1790645469.570 142995705 14620609 4495884 743 61098496 16687104 0 17842 26782 32564
1790645469.828 142997082 14620609 4498491 743 61098496 16687104 0 17853 26797 32564
1790645470.091 142998462 14620609 4501111 743 61098496 16687104 0 17862 26814 32564
1790645470.352 143021622 14620609 4503728 743 61098496 16687104 0 17871 26831 32564
1790645470.612 143021878 14620609 4506346 743 61098496 16687104 0 17880 26848 32564
1790645470.871 143041250 14623681 4508594 749 61098496 16715776 0 17890 26861 32564
1790645471.132 143041566 14623681 4511211 749 61098496 16715776 0 17900 26876 32564
1790645471.391 143043290 14623681 4513827 749 61098496 16715776 0 17910 26892 32564
1790645471.650 143044359 14623681 4516436 749 61098496 16715776 0 17920 26908 32564
1790645471.910 143044785 14623681 4519047 749 61098496 16715776 0 17931 26923 32564
1790645472.170 143045707 14623681 4521659 749 61098496 16715776 0 17942 26939 32564
1790645472.429 143046255 14623681 4524276 749 61098496 16715776 0 17951 26955 32564
1790645472.689 143046757 14623681 4526890 749 61098496 16715776 0 17961 26971 32564
1790645472.948 143047013 14623681 4529494 749 61098496 16715776 0 17970 26988 32564
1790645473.207 143047815 14623681 4532104 749 61098496 16715776 0 17979 27005 32564
1790645473.466 143049659 14623681 4534705 749 61098496 16715776 0 17988 27021 32564
1790645473.728 143050812 14623681 4537317 749 61098496 16715776 0 17998 27037 32564
1790645473.987 143051068 14623681 4539928 749 61098496 16715776 0 18008 27053 32564
1790645474.246 143051328 14623681 4542477 749 61098496 16715776 0 18018 27070 32564
1790645474.505 143051584 14623681 4545090 749 61098496 16715776 0 18028 27085 32564
1790645474.764 143051840 14623681 4547700 749 61098496 16715776 0 18036 27103 32564
1790645475.025 143052266 14623681 4550319 749 61098496 16715776 0 18046 27119 32564
1790645475.290 143052522 14623681 4552984 749 61098496 16715776 0 18055 27136 32564
1790645475.550 143053239 14623681 4555608 749 61098496 16715776 0 18064 27153 32564
1790645475.810 143053495 14623681 4558220 749 61098496 16715776 0 18073 27170 32564
1790645476.069 143053751 14623681 4560827 749 61098496 16715776 0 18083 27186 32564
1790645476.329 143056145 14623681 4563448 749 61098496 16715776 0 18092 27203 32564
1790645476.587 143056707 14623681 4566057 749 61098496 16715776 0 18101 27220 32564
1790645476.850 143057679 14623681 4568677 749 61098496 16715776 0 18112 27235 32564
1790645477.115 143057935 14623681 4571345 749 61098496 16715776 0 18120 27253 32564
1790645477.375 143058191 14623681 4573961 749 61098496 16715776 0 18129 27270 32564
1790645477.634 143059044 14623681 4576573 749 61098496 16715776 0 18139 27286 32564
1790645477.894 143059470 14623681 4579185 749 61098496 16715776 0 18149 27302 32564
1790645478.153 143059726 14623681 4581794 749 61098496 16715776 0 18156 27320 32564
1790645478.412 143060042 14623681 4584408 749 61098496 16715776 0 18166 27336 32564
1790645478.670 143060298 14624359 4587017 750 61098496 16715776 0 18176 27353 33242
1790645478.930 143060746 14624359 4589625 750 61098496 16715776 0 18185 27370 33242
1790645479.190 143061002 14624359 4592180 750 61098496 16715776 0 18195 27385 33242
1790645479.449 143061258 14624359 4594791 750 61098496 16715776 0 18205 27401 33242
1790645479.708 143061805 14624359 4597403 750 61098496 16715776 0 18214 27418 33242
1790645479.967 143062061 14624359 4600009 750 61098496 16715776 0 18224 27434 33242
1790645480.226 143062317 14624359 4602623 750 61098496 16715776 0 18233 27450 33242
1790645480.485 143062573 14624359 4605235 750 61098496 16715776 0 18243 27466 33242
1790645480.744 143062829 14624359 4607851 750 61098496 16715776 0 18252 27483 33242
1790645481.004 143063545 14624359 4610465 750 61098496 16715776 0 18263 27498 33242
1790645481.264 143063801 14624359 4613084 750 61098496 16715776 0 18273 27514 33242
1790645481.523 143064594 14624359 4615694 750 61098496 16715776 0 18282 27531 33242
1790645481.782 143064850 14624359 4618304 750 61098496 16715776 0 18292 27546 33242
1790645482.042 143065276 14624359 4620922 750 61098496 16715776 0 18301 27563 33242
1790645482.302 143066194 14624359 4623541 750 61098496 16715776 0 18310 27581 33242
1790645482.561 143066450 14624359 4626164 750 61098496 16715776 0 18319 27597 33242
1790645482.821 143066952 14624359 4628778 750 61098496 16715776 0 18329 27613 33242
1790645483.080 143067208 14624359 4631388 750 61098496 16715776 0 18338 27630 33242
1790645483.339 143067464 14624359 4634000 750 61098496 16715776 0 18348 27647 33242
1790645483.599 143068011 14624359 4636618 750 61098496 16715776 0 18357 27663 33242
1790645483.857 143068267 14624359 4639228 750 61098496 16715776 0 18368 27678 33242
1790645484.118 143068523 14624359 4641844 750 61098496 16715776 0 18376 27695 33242
1790645484.395 143068779 14624359 4644599 750 61098496 16715776 0 18388 27711 33242
1790645484.655 143069035 14624359 4647216 750 61098496 16715776 0 18397 27729 33242
1790645484.912 143069461 14624359 4649824 750 61098496 16715776 0 18408 27743 33242
1790645485.173 143069717 14624359 4652433 750 61098496 16715776 0 18419 27758 33242
1790645485.432 143070203 14624359 4655042 750 61098496 16715776 0 18428 27775 33242
1790645485.691 143070750 14624359 4657657 750 61098496 16715776 0 18438 27791 33242
1790645485.951 143071006 14624359 4660271 750 61098496 16715776 0 18446 27808 33242
1790645486.210 143071262 14624359 4662887 750 61098496 16715776 0 18455 27825 33242
1790645486.469 143071688 14624359 4665501 750 61098496 16715776 0 18465 27842 33242
1790645486.726 143072190 14624359 4668113 750 61098496 16715776 0 18473 27859 33242
1790645486.987 143072616 14624359 4670725 750 61098496 16715776 0 18483 27875 33242
1790645487.246 143072872 14624359 4673333 750 61098496 16715776 0 18493 27891 33242
1790645487.507 143073951 14624359 4675953 750 61098496 16715776 0 18502 27907 33242
1790645487.766 143074453 14624359 4678567 750 61098496 16715776 0 18512 27924 33242
1790645488.027 143075071 14624359 4681188 750 61098496 16715776 0 18522 27940 33242
1790645488.286 143075447 14624359 4683794 750 61098496 16715776 0 18531 27956 33242
1790645488.545 143076063 14624359 4686404 750 61098496 16715776 0 18541 27973 33242
1790645488.805 143076319 14625037 4689013 751 61098496 16715776 0 18550 27989 33920
1790645489.064 143076575 14625037 4691626 751 61098496 16715776 0 18561 28004 33920
1790645489.323 143076831 14625037 4694185 751 61098496 16715776 0 18571 28020 33920
